Wed Jun 14 01:14:23 2023

        Time,      Tsample,     Integral,       Moment,            M,      M(Mass), Tsample(Aver),            H
           s,            K,           Vs,          emu,     emu/cm^3,        emu/g,            K,            T

         6:0          6:0          6:0          6:0          6:0          6:0          6:0          6:0 
4.550293E+00 3.402000E+02 1.547366E-07 7.297994E-04 1.552765E-05 1.552765E-02 3.402000E+02 0.000000E+00 
1.106006E+01 3.402000E+02 6.702433E-07 3.161133E-03 6.725815E-05 6.725815E-02 3.402000E+02 0.000000E+00 
1.746045E+01 3.402000E+02 3.965219E-07 1.870154E-03 3.979052E-05 3.979052E-02 3.402000E+02 0.000000E+00 
2.385010E+01 3.402000E+02 5.535368E-07 2.610699E-03 5.554679E-05 5.554679E-02 3.402000E+02 0.000000E+00 
3.015039E+01 3.402000E+02 4.773552E-07 2.251396E-03 4.790205E-05 4.790205E-02 3.402000E+02 0.000000E+00 
3.667041E+01 3.401000E+02 1.697908E-07 8.008008E-04 1.703832E-05 1.703832E-02 3.401000E+02 0.000000E+00 
4.295020E+01 3.401000E+02 3.202389E-07 1.510373E-03 3.213561E-05 3.213561E-02 3.401000E+02 0.000000E+00 
4.970020E+01 3.400000E+02 5.846075E-07 2.757241E-03 5.866470E-05 5.866470E-02 3.400000E+02 0.000000E+00 
5.607031E+01 3.399000E+02 4.936439E-07 2.328220E-03 4.953660E-05 4.953660E-02 3.399000E+02 0.000000E+00 
6.247998E+01 3.398000E+02 6.841214E-07 3.226588E-03 6.865081E-05 6.865081E-02 3.398000E+02 0.000000E+00 
6.887012E+01 3.397000E+02 6.756775E-07 3.186763E-03 6.780347E-05 6.780347E-02 3.397000E+02 0.000000E+00 
7.534033E+01 3.395000E+02 5.268902E-07 2.485023E-03 5.287283E-05 5.287283E-02 3.395000E+02 0.000000E+00 
8.171045E+01 3.393000E+02 9.472213E-07 4.467471E-03 9.505258E-05 9.505258E-02 3.393000E+02 0.000000E+00 
8.814014E+01 3.392000E+02 5.522378E-07 2.604573E-03 5.541644E-05 5.541644E-02 3.392000E+02 0.000000E+00 
9.461035E+01 3.390000E+02 6.754898E-07 3.185878E-03 6.778463E-05 6.778463E-02 3.390000E+02 0.000000E+00 
1.013901E+02 3.388000E+02 4.758602E-07 2.244346E-03 4.775203E-05 4.775203E-02 3.388000E+02 0.000000E+00 
1.077104E+02 3.386000E+02 6.618569E-07 3.121579E-03 6.641658E-05 6.641658E-02 3.386000E+02 0.000000E+00 
1.146401E+02 3.383000E+02 7.037362E-07 3.319099E-03 7.061913E-05 7.061913E-02 3.383000E+02 0.000000E+00 
1.211802E+02 3.381000E+02 2.682639E-07 1.265239E-03 2.691998E-05 2.691998E-02 3.381000E+02 0.000000E+00 
1.278901E+02 3.378000E+02 3.919548E-07 1.848614E-03 3.933222E-05 3.933222E-02 3.378000E+02 0.000000E+00 
1.346001E+02 3.375000E+02 4.454202E-07 2.100779E-03 4.469742E-05 4.469742E-02 3.375000E+02 0.000000E+00 
1.409102E+02 3.373000E+02 5.013020E-07 2.364339E-03 5.030509E-05 5.030509E-02 3.373000E+02 0.000000E+00 
1.475601E+02 3.370000E+02 5.039429E-07 2.376794E-03 5.057010E-05 5.057010E-02 3.370000E+02 0.000000E+00 
1.540000E+02 3.367000E+02 3.779246E-07 1.782442E-03 3.792431E-05 3.792431E-02 3.367000E+02 0.000000E+00 
1.605103E+02 3.364000E+02 9.218471E-07 4.347796E-03 9.250631E-05 9.250631E-02 3.364000E+02 0.000000E+00 
1.665000E+02 3.361000E+02 1.319183E-06 6.221789E-03 1.323785E-04 1.323785E-01 3.361000E+02 0.000000E+00 
1.730703E+02 3.358000E+02 1.156158E-06 5.452900E-03 1.160192E-04 1.160192E-01 3.358000E+02 0.000000E+00 
1.799800E+02 3.355000E+02 1.333843E-06 6.290932E-03 1.338496E-04 1.338496E-01 3.355000E+02 0.000000E+00 
1.864702E+02 3.351000E+02 1.031002E-06 4.862613E-03 1.034598E-04 1.034598E-01 3.351000E+02 0.000000E+00 
1.924102E+02 3.349000E+02 1.360367E-06 6.416031E-03 1.365113E-04 1.365113E-01 3.349000E+02 0.000000E+00 
1.987300E+02 3.346000E+02 1.343489E-06 6.336427E-03 1.348176E-04 1.348176E-01 3.346000E+02 0.000000E+00 
2.049502E+02 3.343000E+02 1.460669E-06 6.889097E-03 1.465765E-04 1.465765E-01 3.343000E+02 0.000000E+00 
2.119004E+02 3.339000E+02 1.536429E-06 7.246411E-03 1.541789E-04 1.541789E-01 3.339000E+02 0.000000E+00 
2.180903E+02 3.336000E+02 1.519231E-06 7.165296E-03 1.524531E-04 1.524531E-01 3.336000E+02 0.000000E+00 
2.245400E+02 3.333000E+02 2.090051E-06 9.857510E-03 2.097343E-04 2.097343E-01 3.333000E+02 0.000000E+00 
2.310103E+02 3.330000E+02 1.845196E-06 8.702677E-03 1.851633E-04 1.851633E-01 3.330000E+02 0.000000E+00 
2.374102E+02 3.327000E+02 1.929123E-06 9.098508E-03 1.935853E-04 1.935853E-01 3.327000E+02 0.000000E+00 
2.441201E+02 3.324000E+02 1.729275E-06 8.155946E-03 1.735308E-04 1.735308E-01 3.324000E+02 0.000000E+00 
2.509404E+02 3.321000E+02 2.169553E-06 1.023247E-02 2.177122E-04 2.177122E-01 3.321000E+02 0.000000E+00 
2.573501E+02 3.317000E+02 2.162010E-06 1.019690E-02 2.169553E-04 2.169553E-01 3.317000E+02 0.000000E+00 
2.637603E+02 3.314000E+02 2.160637E-06 1.019042E-02 2.168175E-04 2.168175E-01 3.314000E+02 0.000000E+00 
2.697300E+02 3.312000E+02 2.399772E-06 1.131828E-02 2.408144E-04 2.408144E-01 3.312000E+02 0.000000E+00 
2.762500E+02 3.309000E+02 2.277447E-06 1.074134E-02 2.285392E-04 2.285392E-01 3.309000E+02 0.000000E+00 
2.826802E+02 3.307000E+02 2.395190E-06 1.129666E-02 2.403546E-04 2.403546E-01 3.307000E+02 0.000000E+00 
2.894302E+02 3.303000E+02 2.532827E-06 1.194582E-02 2.541663E-04 2.541663E-01 3.303000E+02 0.000000E+00 
2.959404E+02 3.301000E+02 2.762692E-06 1.302995E-02 2.772330E-04 2.772330E-01 3.301000E+02 0.000000E+00 
3.023403E+02 3.298000E+02 2.703623E-06 1.275136E-02 2.713055E-04 2.713055E-01 3.298000E+02 0.000000E+00 
3.088804E+02 3.296000E+02 2.806085E-06 1.323461E-02 2.815874E-04 2.815874E-01 3.296000E+02 0.000000E+00 
3.155903E+02 3.293000E+02 2.987932E-06 1.409227E-02 2.998355E-04 2.998355E-01 3.293000E+02 0.000000E+00 
3.221201E+02 3.290000E+02 3.218791E-06 1.518109E-02 3.230020E-04 3.230020E-01 3.290000E+02 0.000000E+00 
3.287402E+02 3.288000E+02 3.171496E-06 1.495803E-02 3.182560E-04 3.182560E-01 3.288000E+02 0.000000E+00 
3.352002E+02 3.286000E+02 3.385943E-06 1.596945E-02 3.397755E-04 3.397755E-01 3.286000E+02 0.000000E+00 
3.419800E+02 3.283000E+02 3.475554E-06 1.639209E-02 3.487679E-04 3.487679E-01 3.283000E+02 0.000000E+00 
3.482402E+02 3.281000E+02 3.548435E-06 1.673583E-02 3.560814E-04 3.560814E-01 3.281000E+02 0.000000E+00 
3.547402E+02 3.279000E+02 3.810141E-06 1.797014E-02 3.823433E-04 3.823433E-01 3.279000E+02 0.000000E+00 
3.612803E+02 3.277000E+02 3.766951E-06 1.776644E-02 3.780093E-04 3.780093E-01 3.277000E+02 0.000000E+00 
3.677202E+02 3.275000E+02 3.916854E-06 1.847344E-02 3.930519E-04 3.930519E-01 3.275000E+02 0.000000E+00 
3.742202E+02 3.273000E+02 4.203824E-06 1.982690E-02 4.218490E-04 4.218490E-01 3.273000E+02 0.000000E+00 
3.803203E+02 3.271000E+02 4.311487E-06 2.033468E-02 4.326528E-04 4.326528E-01 3.271000E+02 0.000000E+00 
3.868701E+02 3.269000E+02 4.404304E-06 2.077244E-02 4.419669E-04 4.419669E-01 3.269000E+02 0.000000E+00 
3.932900E+02 3.267000E+02 4.443157E-06 2.095569E-02 4.458658E-04 4.458658E-01 3.267000E+02 0.000000E+00 
3.996602E+02 3.266000E+02 4.536097E-06 2.139403E-02 4.551922E-04 4.551922E-01 3.266000E+02 0.000000E+00 
4.060703E+02 3.264000E+02 4.789684E-06 2.259005E-02 4.806394E-04 4.806394E-01 3.264000E+02 0.000000E+00 
4.122700E+02 3.262000E+02 5.108337E-06 2.409294E-02 5.126158E-04 5.126158E-01 3.262000E+02 0.000000E+00 
4.182603E+02 3.261000E+02 4.939477E-06 2.329653E-02 4.956709E-04 4.956709E-01 3.261000E+02 0.000000E+00 
4.249702E+02 3.259000E+02 5.102142E-06 2.406373E-02 5.119942E-04 5.119942E-01 3.259000E+02 0.000000E+00 
4.313804E+02 3.257000E+02 5.108231E-06 2.409244E-02 5.126051E-04 5.126051E-01 3.257000E+02 0.000000E+00 
4.377300E+02 3.255000E+02 5.234981E-06 2.469025E-02 5.253244E-04 5.253244E-01 3.255000E+02 0.000000E+00 
4.444102E+02 3.254000E+02 5.331483E-06 2.514539E-02 5.350082E-04 5.350082E-01 3.254000E+02 0.000000E+00 
4.504204E+02 3.252000E+02 5.753704E-06 2.713675E-02 5.773776E-04 5.773776E-01 3.252000E+02 0.000000E+00 
4.573101E+02 3.250000E+02 5.906007E-06 2.785507E-02 5.926611E-04 5.926611E-01 3.250000E+02 0.000000E+00 
4.641602E+02 3.249000E+02 6.238819E-06 2.942474E-02 6.260584E-04 6.260584E-01 3.249000E+02 0.000000E+00 
4.705903E+02 3.247000E+02 6.294468E-06 2.968721E-02 6.316427E-04 6.316427E-01 3.247000E+02 0.000000E+00 
4.770103E+02 3.245000E+02 6.313309E-06 2.977607E-02 6.335334E-04 6.335334E-01 3.245000E+02 0.000000E+00 
4.833203E+02 3.244000E+02 6.670957E-06 3.146288E-02 6.694230E-04 6.694230E-01 3.244000E+02 0.000000E+00 
4.896504E+02 3.242000E+02 6.812778E-06 3.213176E-02 6.836545E-04 6.836545E-01 3.242000E+02 0.000000E+00 
4.959404E+02 3.241000E+02 7.106207E-06 3.351569E-02 7.130998E-04 7.130998E-01 3.241000E+02 0.000000E+00 
5.029604E+02 3.238000E+02 7.369217E-06 3.475615E-02 7.394925E-04 7.394925E-01 3.238000E+02 0.000000E+00 
5.088901E+02 3.237000E+02 7.758379E-06 3.659159E-02 7.785445E-04 7.785445E-01 3.237000E+02 0.000000E+00 
5.155000E+02 3.235000E+02 7.852406E-06 3.703506E-02 7.879801E-04 7.879801E-01 3.235000E+02 0.000000E+00 
5.222700E+02 3.233000E+02 8.473234E-06 3.996313E-02 8.502794E-04 8.502794E-01 3.233000E+02 0.000000E+00 
5.287104E+02 3.232000E+02 8.685695E-06 4.096518E-02 8.715996E-04 8.715996E-01 3.232000E+02 0.000000E+00 
5.352603E+02 3.230000E+02 8.838423E-06 4.168551E-02 8.869257E-04 8.869257E-01 3.230000E+02 0.000000E+00 
5.419502E+02 3.228000E+02 9.355934E-06 4.412629E-02 9.388573E-04 9.388573E-01 3.228000E+02 0.000000E+00 
5.479902E+02 3.226000E+02 9.632815E-06 4.543218E-02 9.666420E-04 9.666420E-01 3.226000E+02 0.000000E+00 
5.547104E+02 3.224000E+02 1.027500E-05 4.846099E-02 1.031085E-03 1.031085E+00 3.224000E+02 0.000000E+00 
5.611602E+02 3.222000E+02 1.071377E-05 5.053037E-02 1.075114E-03 1.075114E+00 3.222000E+02 0.000000E+00 
5.675903E+02 3.220000E+02 1.131462E-05 5.336424E-02 1.135409E-03 1.135409E+00 3.220000E+02 0.000000E+00 
5.741602E+02 3.218000E+02 1.168456E-05 5.510902E-02 1.172532E-03 1.172532E+00 3.218000E+02 0.000000E+00 
5.808604E+02 3.216000E+02 1.247568E-05 5.884026E-02 1.251920E-03 1.251920E+00 3.216000E+02 0.000000E+00 
5.873701E+02 3.213000E+02 1.292543E-05 6.096143E-02 1.297052E-03 1.297052E+00 3.213000E+02 0.000000E+00 
5.939404E+02 3.211000E+02 1.356034E-05 6.395592E-02 1.360764E-03 1.360764E+00 3.211000E+02 0.000000E+00 
6.001104E+02 3.209000E+02 1.409697E-05 6.648690E-02 1.414615E-03 1.414615E+00 3.209000E+02 0.000000E+00 
6.070303E+02 3.207000E+02 1.448384E-05 6.831153E-02 1.453437E-03 1.453437E+00 3.207000E+02 0.000000E+00 
6.133701E+02 3.205000E+02 1.531403E-05 7.222703E-02 1.536745E-03 1.536745E+00 3.205000E+02 0.000000E+00 
6.199204E+02 3.203000E+02 1.589531E-05 7.496860E-02 1.595077E-03 1.595077E+00 3.203000E+02 0.000000E+00 
6.259800E+02 3.201000E+02 1.642914E-05 7.748634E-02 1.648646E-03 1.648646E+00 3.201000E+02 0.000000E+00 
6.326401E+02 3.199000E+02 1.721761E-05 8.120509E-02 1.727768E-03 1.727768E+00 3.199000E+02 0.000000E+00 
6.390801E+02 3.195000E+02 1.788431E-05 8.434950E-02 1.794670E-03 1.794670E+00 3.195000E+02 0.000000E+00 
6.450400E+02 3.194000E+02 1.878379E-05 8.859181E-02 1.884932E-03 1.884932E+00 3.194000E+02 0.000000E+00 
6.515903E+02 3.191000E+02 1.945428E-05 9.175410E-02 1.952215E-03 1.952215E+00 3.191000E+02 0.000000E+00 
6.585801E+02 3.189000E+02 2.019196E-05 9.523328E-02 2.026240E-03 2.026240E+00 3.189000E+02 0.000000E+00 
6.652402E+02 3.187000E+02 2.085275E-05 9.834982E-02 2.092549E-03 2.092549E+00 3.187000E+02 0.000000E+00 
6.719604E+02 3.184000E+02 2.125754E-05 1.002590E-01 2.133170E-03 2.133170E+00 3.184000E+02 0.000000E+00 
6.784204E+02 3.182000E+02 2.212722E-05 1.043607E-01 2.220441E-03 2.220441E+00 3.182000E+02 0.000000E+00 
6.848701E+02 3.180000E+02 2.291575E-05 1.080798E-01 2.299569E-03 2.299569E+00 3.180000E+02 0.000000E+00 
6.913701E+02 3.177000E+02 2.351084E-05 1.108864E-01 2.359286E-03 2.359286E+00 3.177000E+02 0.000000E+00 
6.979004E+02 3.174000E+02 2.406519E-05 1.135010E-01 2.414915E-03 2.414915E+00 3.174000E+02 0.000000E+00 
7.038901E+02 3.173000E+02 2.474137E-05 1.166901E-01 2.482769E-03 2.482769E+00 3.173000E+02 0.000000E+00 
7.105503E+02 3.170000E+02 2.547330E-05 1.201422E-01 2.556217E-03 2.556217E+00 3.170000E+02 0.000000E+00 
7.172002E+02 3.167000E+02 2.568588E-05 1.211448E-01 2.577549E-03 2.577549E+00 3.167000E+02 0.000000E+00 
7.237002E+02 3.165000E+02 2.625316E-05 1.238203E-01 2.634475E-03 2.634475E+00 3.165000E+02 0.000000E+00 
7.301602E+02 3.163000E+02 2.667191E-05 1.257953E-01 2.676496E-03 2.676496E+00 3.163000E+02 0.000000E+00 
7.365601E+02 3.160000E+02 2.730118E-05 1.287632E-01 2.739642E-03 2.739642E+00 3.160000E+02 0.000000E+00 
7.429502E+02 3.158000E+02 2.751951E-05 1.297929E-01 2.761552E-03 2.761552E+00 3.158000E+02 0.000000E+00 
7.493701E+02 3.155000E+02 2.797016E-05 1.319184E-01 2.806774E-03 2.806774E+00 3.155000E+02 0.000000E+00 
7.557300E+02 3.153000E+02 2.862635E-05 1.350132E-01 2.872621E-03 2.872621E+00 3.153000E+02 0.000000E+00 
7.623203E+02 3.151000E+02 2.880804E-05 1.358702E-01 2.890854E-03 2.890854E+00 3.151000E+02 0.000000E+00 
7.688301E+02 3.149000E+02 2.927981E-05 1.380952E-01 2.938196E-03 2.938196E+00 3.149000E+02 0.000000E+00 
7.757900E+02 3.146000E+02 2.912205E-05 1.373511E-01 2.922364E-03 2.922364E+00 3.146000E+02 0.000000E+00 
7.821201E+02 3.144000E+02 2.975407E-05 1.403320E-01 2.985787E-03 2.985787E+00 3.144000E+02 0.000000E+00 
7.885400E+02 3.141000E+02 2.967624E-05 1.399649E-01 2.977977E-03 2.977977E+00 3.141000E+02 0.000000E+00 
7.948003E+02 3.139000E+02 3.023679E-05 1.426087E-01 3.034227E-03 3.034227E+00 3.139000E+02 0.000000E+00 
8.009502E+02 3.137000E+02 2.987294E-05 1.408926E-01 2.997716E-03 2.997716E+00 3.137000E+02 0.000000E+00 
8.074404E+02 3.135000E+02 3.080461E-05 1.452868E-01 3.091208E-03 3.091208E+00 3.135000E+02 0.000000E+00 
8.139404E+02 3.132000E+02 3.083469E-05 1.454286E-01 3.094226E-03 3.094226E+00 3.132000E+02 0.000000E+00 
8.209502E+02 3.130000E+02 3.085513E-05 1.455250E-01 3.096277E-03 3.096277E+00 3.130000E+02 0.000000E+00 
8.276201E+02 3.128000E+02 3.146296E-05 1.483918E-01 3.157273E-03 3.157273E+00 3.128000E+02 0.000000E+00 
8.343701E+02 3.125000E+02 3.133722E-05 1.477987E-01 3.144654E-03 3.144654E+00 3.125000E+02 0.000000E+00 
8.407500E+02 3.123000E+02 3.193948E-05 1.506392E-01 3.205090E-03 3.205090E+00 3.123000E+02 0.000000E+00 
8.475000E+02 3.121000E+02 3.156919E-05 1.488928E-01 3.167932E-03 3.167932E+00 3.121000E+02 0.000000E+00 
8.540703E+02 3.119000E+02 3.202485E-05 1.510419E-01 3.213657E-03 3.213657E+00 3.119000E+02 0.000000E+00 
8.607900E+02 3.117000E+02 3.209838E-05 1.513887E-01 3.221036E-03 3.221036E+00 3.117000E+02 0.000000E+00 
8.671104E+02 3.115000E+02 3.207619E-05 1.512840E-01 3.218809E-03 3.218809E+00 3.115000E+02 0.000000E+00 
8.740000E+02 3.112000E+02 3.263229E-05 1.539068E-01 3.274613E-03 3.274613E+00 3.112000E+02 0.000000E+00 
8.805303E+02 3.110000E+02 3.259218E-05 1.537177E-01 3.270589E-03 3.270589E+00 3.110000E+02 0.000000E+00 
8.872202E+02 3.108000E+02 3.278252E-05 1.546154E-01 3.289689E-03 3.289689E+00 3.108000E+02 0.000000E+00 
8.938403E+02 3.106000E+02 3.298618E-05 1.555759E-01 3.310125E-03 3.310125E+00 3.106000E+02 0.000000E+00 
9.005400E+02 3.104000E+02 3.301967E-05 1.557339E-01 3.313486E-03 3.313486E+00 3.104000E+02 0.000000E+00 
9.069502E+02 3.101000E+02 3.307978E-05 1.560174E-01 3.319519E-03 3.319519E+00 3.101000E+02 0.000000E+00 
9.132104E+02 3.099000E+02 3.325135E-05 1.568266E-01 3.336735E-03 3.336735E+00 3.099000E+02 0.000000E+00 
9.195903E+02 3.097000E+02 3.332367E-05 1.571676E-01 3.343993E-03 3.343993E+00 3.097000E+02 0.000000E+00 
9.260000E+02 3.095000E+02 3.348398E-05 1.579237E-01 3.360079E-03 3.360079E+00 3.095000E+02 0.000000E+00 
9.323901E+02 3.093000E+02 3.369262E-05 1.589078E-01 3.381016E-03 3.381016E+00 3.093000E+02 0.000000E+00 
9.388203E+02 3.091000E+02 3.330758E-05 1.570918E-01 3.342378E-03 3.342378E+00 3.091000E+02 0.000000E+00 
9.452002E+02 3.089000E+02 3.364703E-05 1.586928E-01 3.376442E-03 3.376442E+00 3.089000E+02 0.000000E+00 
9.515601E+02 3.088000E+02 3.398479E-05 1.602857E-01 3.410335E-03 3.410335E+00 3.088000E+02 0.000000E+00 
9.579204E+02 3.085000E+02 3.388304E-05 1.598059E-01 3.400125E-03 3.400125E+00 3.085000E+02 0.000000E+00 
9.642104E+02 3.083000E+02 3.346662E-05 1.578418E-01 3.358337E-03 3.358337E+00 3.083000E+02 0.000000E+00 
9.700703E+02 3.082000E+02 3.393762E-05 1.600633E-01 3.405601E-03 3.405601E+00 3.082000E+02 0.000000E+00 
9.764204E+02 3.080000E+02 3.413625E-05 1.610001E-01 3.425534E-03 3.425534E+00 3.080000E+02 0.000000E+00 
9.835000E+02 3.077000E+02 3.437555E-05 1.621287E-01 3.449547E-03 3.449547E+00 3.077000E+02 0.000000E+00 
9.899502E+02 3.075000E+02 3.444278E-05 1.624458E-01 3.456294E-03 3.456294E+00 3.075000E+02 0.000000E+00 
9.965200E+02 3.073000E+02 3.466179E-05 1.634788E-01 3.478272E-03 3.478272E+00 3.073000E+02 0.000000E+00 
1.003070E+03 3.071000E+02 3.472796E-05 1.637908E-01 3.484911E-03 3.484911E+00 3.071000E+02 0.000000E+00 
1.009590E+03 3.069000E+02 3.496684E-05 1.649175E-01 3.508882E-03 3.508882E+00 3.069000E+02 0.000000E+00 
1.016310E+03 3.067000E+02 3.469577E-05 1.636390E-01 3.481681E-03 3.481681E+00 3.067000E+02 0.000000E+00 
1.022760E+03 3.064000E+02 3.508564E-05 1.654778E-01 3.520804E-03 3.520804E+00 3.064000E+02 0.000000E+00 
1.029170E+03 3.063000E+02 3.523447E-05 1.661797E-01 3.535739E-03 3.535739E+00 3.063000E+02 0.000000E+00 
1.035570E+03 3.054000E+02 3.538275E-05 1.668791E-01 3.550619E-03 3.550619E+00 3.054000E+02 0.000000E+00 
1.041980E+03 3.057000E+02 3.508753E-05 1.654867E-01 3.520994E-03 3.520994E+00 3.057000E+02 0.000000E+00 
1.048380E+03 3.055000E+02 3.535305E-05 1.667390E-01 3.547638E-03 3.547638E+00 3.055000E+02 0.000000E+00 
1.055130E+03 3.053000E+02 3.555403E-05 1.676869E-01 3.567807E-03 3.567807E+00 3.053000E+02 0.000000E+00 
1.061430E+03 3.052000E+02 3.543532E-05 1.671270E-01 3.555894E-03 3.555894E+00 3.052000E+02 0.000000E+00 
1.067890E+03 3.049000E+02 3.541088E-05 1.670118E-01 3.553442E-03 3.553442E+00 3.049000E+02 0.000000E+00 
1.074130E+03 3.047000E+02 3.559899E-05 1.678990E-01 3.572318E-03 3.572318E+00 3.047000E+02 0.000000E+00 
1.080610E+03 3.045000E+02 3.603184E-05 1.699404E-01 3.615754E-03 3.615754E+00 3.045000E+02 0.000000E+00 
1.086910E+03 3.043000E+02 3.598892E-05 1.697380E-01 3.611448E-03 3.611448E+00 3.043000E+02 0.000000E+00 
1.093010E+03 3.041000E+02 3.596396E-05 1.696203E-01 3.608943E-03 3.608943E+00 3.041000E+02 0.000000E+00 
1.099680E+03 3.039000E+02 3.589545E-05 1.692972E-01 3.602067E-03 3.602067E+00 3.039000E+02 0.000000E+00 
1.106060E+03 3.037000E+02 3.607301E-05 1.701346E-01 3.619885E-03 3.619885E+00 3.037000E+02 0.000000E+00 
1.112160E+03 3.035000E+02 3.622174E-05 1.708361E-01 3.634810E-03 3.634810E+00 3.035000E+02 0.000000E+00 
1.118750E+03 3.033000E+02 3.602608E-05 1.699133E-01 3.615176E-03 3.615176E+00 3.033000E+02 0.000000E+00 
1.125180E+03 3.031000E+02 3.639219E-05 1.716400E-01 3.651915E-03 3.651915E+00 3.031000E+02 0.000000E+00 
1.131590E+03 3.028000E+02 3.649519E-05 1.721258E-01 3.662251E-03 3.662251E+00 3.028000E+02 0.000000E+00 
1.137980E+03 3.026000E+02 3.649390E-05 1.721197E-01 3.662122E-03 3.662122E+00 3.026000E+02 0.000000E+00 
1.144200E+03 3.024000E+02 4.070747E-05 1.919926E-01 4.084949E-03 4.084949E+00 3.024000E+02 0.000000E+00 
1.150400E+03 2.768000E+02 3.777605E-05 1.781668E-01 3.790784E-03 3.790784E+00 2.768000E+02 0.000000E+00 
1.156940E+03 2.970000E+02 3.737594E-05 1.762797E-01 3.750633E-03 3.750633E+00 2.970000E+02 0.000000E+00 
1.163610E+03 2.999000E+02 3.746974E-05 1.767221E-01 3.760046E-03 3.760046E+00 2.999000E+02 0.000000E+00 
1.169960E+03 2.999000E+02 3.683459E-05 1.737265E-01 3.696309E-03 3.696309E+00 2.999000E+02 0.000000E+00 
1.176330E+03 2.998000E+02 3.726313E-05 1.757477E-01 3.739313E-03 3.739313E+00 2.998000E+02 0.000000E+00 
1.182760E+03 2.996000E+02 3.695476E-05 1.742933E-01 3.708368E-03 3.708368E+00 2.996000E+02 0.000000E+00 
1.189690E+03 2.994000E+02 3.676519E-05 1.733992E-01 3.689345E-03 3.689345E+00 2.994000E+02 0.000000E+00 
1.196130E+03 2.990000E+02 3.679605E-05 1.735447E-01 3.692441E-03 3.692441E+00 2.990000E+02 0.000000E+00 
1.202080E+03 2.987000E+02 3.719953E-05 1.754478E-01 3.732931E-03 3.732931E+00 2.987000E+02 0.000000E+00 
1.208840E+03 2.983000E+02 3.688601E-05 1.739691E-01 3.701469E-03 3.701469E+00 2.983000E+02 0.000000E+00 
1.215380E+03 2.980000E+02 3.722225E-05 1.755549E-01 3.735210E-03 3.735210E+00 2.980000E+02 0.000000E+00 
1.222250E+03 2.977000E+02 3.730462E-05 1.759434E-01 3.743476E-03 3.743476E+00 2.977000E+02 0.000000E+00 
1.228620E+03 2.974000E+02 3.755082E-05 1.771046E-01 3.768182E-03 3.768182E+00 2.974000E+02 0.000000E+00 
1.234630E+03 2.971000E+02 3.733829E-05 1.761022E-01 3.746855E-03 3.746855E+00 2.971000E+02 0.000000E+00 
1.241090E+03 2.968000E+02 3.709792E-05 1.749685E-01 3.722734E-03 3.722734E+00 2.968000E+02 0.000000E+00 
1.247800E+03 2.965000E+02 3.745650E-05 1.766597E-01 3.758717E-03 3.758717E+00 2.965000E+02 0.000000E+00 
1.254090E+03 2.963000E+02 3.763057E-05 1.774807E-01 3.776184E-03 3.776184E+00 2.963000E+02 0.000000E+00 
1.260840E+03 2.960000E+02 3.732389E-05 1.760342E-01 3.745409E-03 3.745409E+00 2.960000E+02 0.000000E+00 
1.267090E+03 2.957000E+02 3.784915E-05 1.785116E-01 3.798120E-03 3.798120E+00 2.957000E+02 0.000000E+00 
1.272980E+03 2.955000E+02 3.747484E-05 1.767462E-01 3.760557E-03 3.760557E+00 2.955000E+02 0.000000E+00 
1.279660E+03 2.953000E+02 3.744898E-05 1.766243E-01 3.757963E-03 3.757963E+00 2.953000E+02 0.000000E+00 
1.285940E+03 2.951000E+02 3.772505E-05 1.779263E-01 3.785666E-03 3.785666E+00 2.951000E+02 0.000000E+00 
1.292390E+03 2.949000E+02 3.749176E-05 1.768260E-01 3.762255E-03 3.762255E+00 2.949000E+02 0.000000E+00 
1.298730E+03 2.947000E+02 3.734319E-05 1.761253E-01 3.747347E-03 3.747347E+00 2.947000E+02 0.000000E+00 
1.305040E+03 2.945000E+02 3.775448E-05 1.780651E-01 3.788619E-03 3.788619E+00 2.945000E+02 0.000000E+00 
1.311290E+03 2.944000E+02 3.743144E-05 1.765415E-01 3.756203E-03 3.756203E+00 2.944000E+02 0.000000E+00 
1.317710E+03 2.943000E+02 3.780179E-05 1.782882E-01 3.793366E-03 3.793366E+00 2.943000E+02 0.000000E+00 
1.324220E+03 2.941000E+02 3.778549E-05 1.782113E-01 3.791731E-03 3.791731E+00 2.941000E+02 0.000000E+00 
1.330570E+03 2.941000E+02 3.756918E-05 1.771912E-01 3.770025E-03 3.770025E+00 2.941000E+02 0.000000E+00 
1.337550E+03 2.939000E+02 3.787212E-05 1.786199E-01 3.800424E-03 3.800424E+00 2.939000E+02 0.000000E+00 
1.344200E+03 2.939000E+02 3.782274E-05 1.783870E-01 3.795469E-03 3.795469E+00 2.939000E+02 0.000000E+00 
1.350710E+03 2.937000E+02 3.765425E-05 1.775924E-01 3.778561E-03 3.778561E+00 2.937000E+02 0.000000E+00 
1.357150E+03 2.937000E+02 3.745955E-05 1.766741E-01 3.759023E-03 3.759023E+00 2.937000E+02 0.000000E+00 
1.363520E+03 2.936000E+02 3.746900E-05 1.767187E-01 3.759971E-03 3.759971E+00 2.936000E+02 0.000000E+00 
1.369430E+03 2.935000E+02 3.799293E-05 1.791897E-01 3.812547E-03 3.812547E+00 2.935000E+02 0.000000E+00 
1.375860E+03 2.934000E+02 3.760768E-05 1.773727E-01 3.773888E-03 3.773888E+00 2.934000E+02 0.000000E+00 
1.382860E+03 2.934000E+02 3.757843E-05 1.772348E-01 3.770953E-03 3.770953E+00 2.934000E+02 0.000000E+00 
1.389250E+03 2.933000E+02 3.755835E-05 1.771401E-01 3.768938E-03 3.768938E+00 2.933000E+02 0.000000E+00 
1.395600E+03 2.932000E+02 3.766113E-05 1.776248E-01 3.779252E-03 3.779252E+00 2.932000E+02 0.000000E+00 
1.402030E+03 2.932000E+02 3.789141E-05 1.787109E-01 3.802360E-03 3.802360E+00 2.932000E+02 0.000000E+00 
1.408850E+03 2.930000E+02 3.744943E-05 1.766264E-01 3.758008E-03 3.758008E+00 2.930000E+02 0.000000E+00 
1.416020E+03 2.930000E+02 3.768838E-05 1.777533E-01 3.781986E-03 3.781986E+00 2.930000E+02 0.000000E+00 
1.422650E+03 2.929000E+02 3.764116E-05 1.775306E-01 3.777248E-03 3.777248E+00 2.929000E+02 0.000000E+00 
1.429200E+03 2.928000E+02 3.793136E-05 1.788993E-01 3.806369E-03 3.806369E+00 2.928000E+02 0.000000E+00 
1.435070E+03 2.927000E+02 3.730710E-05 1.759551E-01 3.743725E-03 3.743725E+00 2.927000E+02 0.000000E+00 
1.441760E+03 2.926000E+02 3.759638E-05 1.773194E-01 3.772754E-03 3.772754E+00 2.926000E+02 0.000000E+00 
1.448490E+03 2.925000E+02 3.758298E-05 1.772562E-01 3.771409E-03 3.771409E+00 2.925000E+02 0.000000E+00 
1.455030E+03 2.924000E+02 3.785779E-05 1.785523E-01 3.798986E-03 3.798986E+00 2.924000E+02 0.000000E+00 
1.461500E+03 2.922000E+02 3.770635E-05 1.778381E-01 3.783789E-03 3.783789E+00 2.922000E+02 0.000000E+00 
1.468040E+03 2.921000E+02 3.774276E-05 1.780098E-01 3.787443E-03 3.787443E+00 2.921000E+02 0.000000E+00 
1.474830E+03 2.920000E+02 3.731946E-05 1.760134E-01 3.744965E-03 3.744965E+00 2.920000E+02 0.000000E+00 
1.481270E+03 2.918000E+02 3.815082E-05 1.799344E-01 3.828392E-03 3.828392E+00 2.918000E+02 0.000000E+00 
1.487650E+03 2.917000E+02 3.799944E-05 1.792204E-01 3.813200E-03 3.813200E+00 2.917000E+02 0.000000E+00 
1.494080E+03 2.915000E+02 3.802525E-05 1.793421E-01 3.815790E-03 3.815790E+00 2.915000E+02 0.000000E+00 
1.500440E+03 2.913000E+02 3.762533E-05 1.774560E-01 3.775659E-03 3.775659E+00 2.913000E+02 0.000000E+00 
1.506940E+03 2.911000E+02 3.814193E-05 1.798925E-01 3.827499E-03 3.827499E+00 2.911000E+02 0.000000E+00 
1.513600E+03 2.910000E+02 3.826650E-05 1.804800E-01 3.840000E-03 3.840000E+00 2.910000E+02 0.000000E+00 
1.520050E+03 2.907000E+02 3.823787E-05 1.803450E-01 3.837127E-03 3.837127E+00 2.907000E+02 0.000000E+00 
1.526490E+03 2.906000E+02 3.795615E-05 1.790163E-01 3.808857E-03 3.808857E+00 2.906000E+02 0.000000E+00 
1.532610E+03 2.904000E+02 3.824386E-05 1.803732E-01 3.837728E-03 3.837728E+00 2.904000E+02 0.000000E+00 
1.539350E+03 2.901000E+02 3.802874E-05 1.793586E-01 3.816141E-03 3.816141E+00 2.901000E+02 0.000000E+00 
1.545870E+03 2.899000E+02 3.813180E-05 1.798447E-01 3.826483E-03 3.826483E+00 2.899000E+02 0.000000E+00 
1.552190E+03 2.897000E+02 3.830057E-05 1.806407E-01 3.843419E-03 3.843419E+00 2.897000E+02 0.000000E+00 
1.558550E+03 2.895000E+02 3.828991E-05 1.805904E-01 3.842349E-03 3.842349E+00 2.895000E+02 0.000000E+00 
1.564970E+03 2.893000E+02 3.795505E-05 1.790111E-01 3.808746E-03 3.808746E+00 2.893000E+02 0.000000E+00 
1.571520E+03 2.890000E+02 3.801992E-05 1.793170E-01 3.815256E-03 3.815256E+00 2.890000E+02 0.000000E+00 
1.578560E+03 2.887000E+02 3.820553E-05 1.801924E-01 3.833882E-03 3.833882E+00 2.887000E+02 0.000000E+00 
1.585210E+03 2.885000E+02 3.848201E-05 1.814964E-01 3.861626E-03 3.861626E+00 2.885000E+02 0.000000E+00 
1.591480E+03 2.882000E+02 3.817136E-05 1.800312E-01 3.830452E-03 3.830452E+00 2.882000E+02 0.000000E+00 
1.597820E+03 2.880000E+02 3.842704E-05 1.812372E-01 3.856110E-03 3.856110E+00 2.880000E+02 0.000000E+00 
1.604020E+03 2.877000E+02 3.828048E-05 1.805459E-01 3.841403E-03 3.841403E+00 2.877000E+02 0.000000E+00 
1.609920E+03 2.875000E+02 3.832475E-05 1.807547E-01 3.845845E-03 3.845845E+00 2.875000E+02 0.000000E+00 
1.616300E+03 2.873000E+02 3.842656E-05 1.812349E-01 3.856062E-03 3.856062E+00 2.873000E+02 0.000000E+00 
1.622250E+03 2.870000E+02 3.856293E-05 1.818781E-01 3.869747E-03 3.869747E+00 2.870000E+02 0.000000E+00 
1.628790E+03 2.868000E+02 3.838306E-05 1.810297E-01 3.851697E-03 3.851697E+00 2.868000E+02 0.000000E+00 
1.635190E+03 2.865000E+02 3.849513E-05 1.815583E-01 3.862943E-03 3.862943E+00 2.865000E+02 0.000000E+00 
1.641710E+03 2.862000E+02 3.831186E-05 1.806939E-01 3.844552E-03 3.844552E+00 2.862000E+02 0.000000E+00 
1.648240E+03 2.860000E+02 3.859663E-05 1.820370E-01 3.873128E-03 3.873128E+00 2.860000E+02 0.000000E+00 
1.654600E+03 2.856000E+02 3.859239E-05 1.820170E-01 3.872703E-03 3.872703E+00 2.856000E+02 0.000000E+00 
1.660960E+03 2.854000E+02 3.805073E-05 1.794623E-01 3.818348E-03 3.818348E+00 2.854000E+02 0.000000E+00 
1.667500E+03 2.852000E+02 3.827329E-05 1.805120E-01 3.840681E-03 3.840681E+00 2.852000E+02 0.000000E+00 
1.674490E+03 2.849000E+02 3.839764E-05 1.810985E-01 3.853159E-03 3.853159E+00 2.849000E+02 0.000000E+00 
1.680980E+03 2.846000E+02 3.862633E-05 1.821771E-01 3.876108E-03 3.876108E+00 2.846000E+02 0.000000E+00 
1.687340E+03 2.843000E+02 3.850949E-05 1.816260E-01 3.864383E-03 3.864383E+00 2.843000E+02 0.000000E+00 
1.694030E+03 2.840000E+02 3.864761E-05 1.822775E-01 3.878244E-03 3.878244E+00 2.840000E+02 0.000000E+00 
1.700400E+03 2.838000E+02 3.853725E-05 1.817569E-01 3.867169E-03 3.867169E+00 2.838000E+02 0.000000E+00 
1.706800E+03 2.835000E+02 3.826816E-05 1.804878E-01 3.840167E-03 3.840167E+00 2.835000E+02 0.000000E+00 
1.713180E+03 2.833000E+02 3.849907E-05 1.815769E-01 3.863338E-03 3.863338E+00 2.833000E+02 0.000000E+00 
1.719610E+03 2.830000E+02 3.784688E-05 1.785009E-01 3.797892E-03 3.797892E+00 2.830000E+02 0.000000E+00 
1.725820E+03 2.827000E+02 3.838090E-05 1.810195E-01 3.851480E-03 3.851480E+00 2.827000E+02 0.000000E+00 
1.732790E+03 2.824000E+02 3.859807E-05 1.820438E-01 3.873273E-03 3.873273E+00 2.824000E+02 0.000000E+00 
1.739940E+03 2.822000E+02 3.877153E-05 1.828619E-01 3.890679E-03 3.890679E+00 2.822000E+02 0.000000E+00 
1.746030E+03 2.819000E+02 3.873275E-05 1.826790E-01 3.886787E-03 3.886787E+00 2.819000E+02 0.000000E+00 
1.752870E+03 2.817000E+02 3.872356E-05 1.826357E-01 3.885865E-03 3.885865E+00 2.817000E+02 0.000000E+00 
