Wed Jun 14 11:34:30 2023

        Time,      Tsample,     Integral,       Moment,            M,      M(Mass), Tsample(Aver),            H
           s,            K,           Vs,          emu,     emu/cm^3,        emu/g,            K,            T

         6:0          6:0          6:0          6:0          6:0          6:0          6:0          6:0 
5.429688E+00 9.950000E+01 5.857168E-05 2.762473E-01 5.877601E-03 5.877601E+00 9.950000E+01 1.000000E-02 
1.221094E+01 9.956000E+01 5.839902E-05 2.754330E-01 5.860276E-03 5.860276E+00 9.956000E+01 1.000000E-02 
1.869141E+01 9.958000E+01 5.822065E-05 2.745917E-01 5.842376E-03 5.842376E+00 9.958000E+01 1.000000E-02 
2.548047E+01 9.959000E+01 5.830488E-05 2.749889E-01 5.850828E-03 5.850828E+00 9.959000E+01 1.000000E-02 
3.196094E+01 9.963000E+01 5.881931E-05 2.774152E-01 5.902451E-03 5.902451E+00 9.963000E+01 1.000000E-02 
3.905078E+01 9.967000E+01 5.822248E-05 2.746003E-01 5.842560E-03 5.842560E+00 9.967000E+01 1.000000E-02 
4.587109E+01 9.972000E+01 5.849809E-05 2.759002E-01 5.870217E-03 5.870217E+00 9.972000E+01 1.000000E-02 
5.241016E+01 9.979000E+01 5.813857E-05 2.742045E-01 5.834139E-03 5.834139E+00 9.979000E+01 1.000000E-02 
5.841797E+01 9.985000E+01 5.838001E-05 2.753433E-01 5.858368E-03 5.858368E+00 9.985000E+01 1.000000E-02 
6.500000E+01 9.996000E+01 5.831176E-05 2.750214E-01 5.851519E-03 5.851519E+00 9.996000E+01 1.000000E-02 
7.142969E+01 1.000700E+02 5.891474E-05 2.778653E-01 5.912027E-03 5.912027E+00 1.000700E+02 1.000000E-02 
7.780859E+01 1.001800E+02 5.836452E-05 2.752702E-01 5.856813E-03 5.856813E+00 1.001800E+02 1.000000E-02 
8.423828E+01 1.003200E+02 5.853687E-05 2.760831E-01 5.874108E-03 5.874108E+00 1.003200E+02 1.000000E-02 
9.076172E+01 1.005000E+02 5.802144E-05 2.736521E-01 5.822385E-03 5.822385E+00 1.005000E+02 1.000000E-02 
9.723828E+01 1.006900E+02 5.831251E-05 2.750249E-01 5.851594E-03 5.851594E+00 1.006900E+02 1.000000E-02 
1.036680E+02 1.009000E+02 5.847589E-05 2.757955E-01 5.867989E-03 5.867989E+00 1.009000E+02 1.000000E-02 
1.109180E+02 1.011200E+02 5.813933E-05 2.742081E-01 5.834216E-03 5.834216E+00 1.011200E+02 1.000000E-02 
1.174805E+02 1.013800E+02 5.810546E-05 2.740484E-01 5.830816E-03 5.830816E+00 1.013800E+02 1.000000E-02 
1.238594E+02 1.016500E+02 5.817899E-05 2.743952E-01 5.838196E-03 5.838196E+00 1.016500E+02 1.000000E-02 
1.302383E+02 1.018800E+02 5.856004E-05 2.761924E-01 5.876433E-03 5.876433E+00 1.018800E+02 1.000000E-02 
1.365312E+02 1.021900E+02 5.834128E-05 2.751606E-01 5.854481E-03 5.854481E+00 1.021900E+02 1.000000E-02 
1.426992E+02 1.024400E+02 5.879263E-05 2.772894E-01 5.899774E-03 5.899774E+00 1.024400E+02 1.000000E-02 
1.491797E+02 1.027400E+02 5.834070E-05 2.751579E-01 5.854423E-03 5.854423E+00 1.027400E+02 1.000000E-02 
1.558789E+02 1.030800E+02 5.829866E-05 2.749596E-01 5.850205E-03 5.850205E+00 1.030800E+02 1.000000E-02 
1.629180E+02 1.034200E+02 5.778540E-05 2.725389E-01 5.798700E-03 5.798700E+00 1.034200E+02 1.000000E-02 
1.693906E+02 1.037200E+02 5.800334E-05 2.735667E-01 5.820569E-03 5.820569E+00 1.037200E+02 1.000000E-02 
1.754180E+02 1.040200E+02 5.789395E-05 2.730508E-01 5.809592E-03 5.809592E+00 1.040200E+02 1.000000E-02 
1.820508E+02 1.043600E+02 5.828018E-05 2.748724E-01 5.848349E-03 5.848349E+00 1.043600E+02 1.000000E-02 
1.886680E+02 1.047400E+02 5.792952E-05 2.732186E-01 5.813161E-03 5.813161E+00 1.047400E+02 1.000000E-02 
1.950508E+02 1.050200E+02 5.837467E-05 2.753181E-01 5.857832E-03 5.857832E+00 1.050200E+02 1.000000E-02 
2.015898E+02 1.053300E+02 5.821622E-05 2.745708E-01 5.841931E-03 5.841931E+00 1.053300E+02 1.000000E-02 
2.081484E+02 1.056900E+02 5.800210E-05 2.735609E-01 5.820445E-03 5.820445E+00 1.056900E+02 1.000000E-02 
2.154102E+02 1.060400E+02 5.819616E-05 2.744761E-01 5.839918E-03 5.839918E+00 1.060400E+02 1.000000E-02 
2.219688E+02 1.063500E+02 5.823029E-05 2.746372E-01 5.843344E-03 5.843344E+00 1.063500E+02 1.000000E-02 
2.283594E+02 1.066400E+02 5.822676E-05 2.746205E-01 5.842989E-03 5.842989E+00 1.066400E+02 1.000000E-02 
2.350117E+02 1.069800E+02 5.838866E-05 2.753841E-01 5.859236E-03 5.859236E+00 1.069800E+02 1.000000E-02 
2.416289E+02 1.072600E+02 5.851631E-05 2.759861E-01 5.872045E-03 5.872045E+00 1.072600E+02 1.000000E-02 
2.480586E+02 1.075600E+02 5.865941E-05 2.766611E-01 5.886406E-03 5.886406E+00 1.075600E+02 1.000000E-02 
2.543594E+02 1.078200E+02 5.841063E-05 2.754877E-01 5.861440E-03 5.861440E+00 1.078200E+02 1.000000E-02 
2.608203E+02 1.080900E+02 5.832679E-05 2.750923E-01 5.853027E-03 5.853027E+00 1.080900E+02 1.000000E-02 
2.671289E+02 1.083300E+02 5.797510E-05 2.734336E-01 5.817735E-03 5.817735E+00 1.083300E+02 1.000000E-02 
2.736211E+02 1.086200E+02 5.829901E-05 2.749613E-01 5.850240E-03 5.850240E+00 1.086200E+02 1.000000E-02 
2.800508E+02 1.088600E+02 5.820013E-05 2.744949E-01 5.840317E-03 5.840317E+00 1.088600E+02 1.000000E-02 
2.864492E+02 1.091100E+02 5.838371E-05 2.753607E-01 5.858739E-03 5.858739E+00 1.091100E+02 1.000000E-02 
2.928516E+02 1.093300E+02 5.831226E-05 2.750238E-01 5.851569E-03 5.851569E+00 1.093300E+02 1.000000E-02 
2.992109E+02 1.095600E+02 5.775437E-05 2.723925E-01 5.795585E-03 5.795585E+00 1.095600E+02 1.000000E-02 
3.056602E+02 1.097800E+02 5.843584E-05 2.756066E-01 5.863970E-03 5.863970E+00 1.097800E+02 1.000000E-02 
3.120703E+02 1.100300E+02 5.816837E-05 2.743451E-01 5.837130E-03 5.837130E+00 1.100300E+02 1.000000E-02 
3.184609E+02 1.102400E+02 5.827058E-05 2.748272E-01 5.847387E-03 5.847387E+00 1.102400E+02 1.000000E-02 
3.248281E+02 1.104300E+02 5.778301E-05 2.725276E-01 5.798459E-03 5.798459E+00 1.104300E+02 1.000000E-02 
3.312383E+02 1.106400E+02 5.844765E-05 2.756623E-01 5.865155E-03 5.865155E+00 1.106400E+02 1.000000E-02 
3.376680E+02 1.108300E+02 5.789542E-05 2.730578E-01 5.809740E-03 5.809740E+00 1.108300E+02 1.000000E-02 
3.440781E+02 1.110200E+02 5.823651E-05 2.746665E-01 5.843968E-03 5.843968E+00 1.110200E+02 1.000000E-02 
3.505312E+02 1.112400E+02 5.860923E-05 2.764244E-01 5.881369E-03 5.881369E+00 1.112400E+02 1.000000E-02 
3.568906E+02 1.114400E+02 5.837288E-05 2.753096E-01 5.857652E-03 5.857652E+00 1.114400E+02 1.000000E-02 
3.632695E+02 1.116000E+02 5.839635E-05 2.754204E-01 5.860008E-03 5.860008E+00 1.116000E+02 1.000000E-02 
3.700000E+02 1.118000E+02 5.817961E-05 2.743981E-01 5.838258E-03 5.838258E+00 1.118000E+02 1.000000E-02 
3.759297E+02 1.119600E+02 5.743107E-05 2.708677E-01 5.763142E-03 5.763142E+00 1.119600E+02 1.000000E-02 
3.825312E+02 1.121500E+02 5.840035E-05 2.754392E-01 5.860409E-03 5.860409E+00 1.121500E+02 1.000000E-02 
3.884414E+02 1.123100E+02 5.834877E-05 2.751960E-01 5.855233E-03 5.855233E+00 1.123100E+02 1.000000E-02 
3.950312E+02 1.125000E+02 5.780959E-05 2.726530E-01 5.801127E-03 5.801127E+00 1.125000E+02 1.000000E-02 
4.017812E+02 1.127000E+02 5.829069E-05 2.749220E-01 5.849405E-03 5.849405E+00 1.127000E+02 1.000000E-02 
4.083906E+02 1.129000E+02 5.813788E-05 2.742013E-01 5.834070E-03 5.834070E+00 1.129000E+02 1.000000E-02 
4.148086E+02 1.130700E+02 5.813623E-05 2.741935E-01 5.833905E-03 5.833905E+00 1.130700E+02 1.000000E-02 
4.212617E+02 1.132500E+02 5.811704E-05 2.741030E-01 5.831979E-03 5.831979E+00 1.132500E+02 1.000000E-02 
4.275898E+02 1.134300E+02 5.798725E-05 2.734909E-01 5.818955E-03 5.818955E+00 1.134300E+02 1.000000E-02 
4.342891E+02 1.136200E+02 5.751856E-05 2.712803E-01 5.771922E-03 5.771922E+00 1.136200E+02 1.000000E-02 
4.404102E+02 1.137900E+02 5.771143E-05 2.721900E-01 5.791276E-03 5.791276E+00 1.137900E+02 1.000000E-02 
4.469492E+02 1.139900E+02 5.853566E-05 2.760774E-01 5.873987E-03 5.873987E+00 1.139900E+02 1.000000E-02 
4.533789E+02 1.141900E+02 5.760273E-05 2.716773E-01 5.780368E-03 5.780368E+00 1.141900E+02 1.000000E-02 
4.597891E+02 1.143600E+02 5.816066E-05 2.743087E-01 5.836356E-03 5.836356E+00 1.143600E+02 1.000000E-02 
4.662500E+02 1.145600E+02 5.805388E-05 2.738051E-01 5.825641E-03 5.825641E+00 1.145600E+02 1.000000E-02 
4.728398E+02 1.147600E+02 5.837509E-05 2.753201E-01 5.857874E-03 5.857874E+00 1.147600E+02 1.000000E-02 
4.792500E+02 1.149600E+02 5.823018E-05 2.746366E-01 5.843333E-03 5.843333E+00 1.149600E+02 1.000000E-02 
4.856289E+02 1.151600E+02 5.799576E-05 2.735310E-01 5.819809E-03 5.819809E+00 1.151600E+02 1.000000E-02 
4.920312E+02 1.153500E+02 5.767249E-05 2.720063E-01 5.787369E-03 5.787369E+00 1.153500E+02 1.000000E-02 
4.984297E+02 1.155600E+02 5.788663E-05 2.730163E-01 5.808857E-03 5.808857E+00 1.155600E+02 1.000000E-02 
5.048398E+02 1.157700E+02 5.812499E-05 2.741405E-01 5.832777E-03 5.832777E+00 1.157700E+02 1.000000E-02 
5.115781E+02 1.159700E+02 5.771140E-05 2.721898E-01 5.791273E-03 5.791273E+00 1.159700E+02 1.000000E-02 
5.188906E+02 1.162100E+02 5.828014E-05 2.748722E-01 5.848346E-03 5.848346E+00 1.162100E+02 1.000000E-02 
5.253281E+02 1.164400E+02 5.875908E-05 2.771311E-01 5.896406E-03 5.896406E+00 1.164400E+02 1.000000E-02 
5.317109E+02 1.166400E+02 5.787663E-05 2.729692E-01 5.807854E-03 5.807854E+00 1.166400E+02 1.000000E-02 
5.382109E+02 1.168400E+02 5.841515E-05 2.755090E-01 5.861894E-03 5.861894E+00 1.168400E+02 1.000000E-02 
5.447109E+02 1.170900E+02 5.789333E-05 2.730479E-01 5.809530E-03 5.809530E+00 1.170900E+02 1.000000E-02 
5.509180E+02 1.173100E+02 5.829513E-05 2.749429E-01 5.849850E-03 5.849850E+00 1.173100E+02 1.000000E-02 
5.574102E+02 1.175400E+02 5.811176E-05 2.740781E-01 5.831449E-03 5.831449E+00 1.175400E+02 1.000000E-02 
5.638086E+02 1.177600E+02 5.825450E-05 2.747513E-01 5.845773E-03 5.845773E+00 1.177600E+02 1.000000E-02 
5.703711E+02 1.180000E+02 5.827452E-05 2.748457E-01 5.847781E-03 5.847781E+00 1.180000E+02 1.000000E-02 
5.763398E+02 1.181700E+02 5.805671E-05 2.738185E-01 5.825925E-03 5.825925E+00 1.181700E+02 1.000000E-02 
5.827617E+02 1.184000E+02 5.828573E-05 2.748986E-01 5.848907E-03 5.848907E+00 1.184000E+02 1.000000E-02 
5.891992E+02 1.186200E+02 5.811044E-05 2.740719E-01 5.831316E-03 5.831316E+00 1.186200E+02 1.000000E-02 
5.952500E+02 1.188600E+02 5.816344E-05 2.743219E-01 5.836635E-03 5.836635E+00 1.188600E+02 1.000000E-02 
6.018203E+02 1.190900E+02 5.823619E-05 2.746650E-01 5.843936E-03 5.843936E+00 1.190900E+02 1.000000E-02 
6.082695E+02 1.193000E+02 5.842796E-05 2.755694E-01 5.863180E-03 5.863180E+00 1.193000E+02 1.000000E-02 
6.146484E+02 1.195300E+02 5.818026E-05 2.744012E-01 5.838323E-03 5.838323E+00 1.195300E+02 1.000000E-02 
6.211094E+02 1.197500E+02 5.784716E-05 2.728301E-01 5.804897E-03 5.804897E+00 1.197500E+02 1.000000E-02 
6.277188E+02 1.199900E+02 5.786876E-05 2.729320E-01 5.807064E-03 5.807064E+00 1.199900E+02 1.000000E-02 
6.341211E+02 1.202000E+02 5.781318E-05 2.726699E-01 5.801487E-03 5.801487E+00 1.202000E+02 1.000000E-02 
6.405195E+02 1.204200E+02 5.800015E-05 2.735517E-01 5.820249E-03 5.820249E+00 1.204200E+02 1.000000E-02 
6.469297E+02 1.206500E+02 5.840935E-05 2.754817E-01 5.861312E-03 5.861312E+00 1.206500E+02 1.000000E-02 
6.532891E+02 1.208700E+02 5.798842E-05 2.734964E-01 5.819072E-03 5.819072E+00 1.208700E+02 1.000000E-02 
6.596016E+02 1.211000E+02 5.798928E-05 2.735004E-01 5.819158E-03 5.819158E+00 1.211000E+02 1.000000E-02 
6.661484E+02 1.213300E+02 5.857623E-05 2.762687E-01 5.878058E-03 5.878058E+00 1.213300E+02 1.000000E-02 
6.724609E+02 1.215600E+02 5.817977E-05 2.743989E-01 5.838274E-03 5.838274E+00 1.215600E+02 1.000000E-02 
6.789180E+02 1.217800E+02 5.821614E-05 2.745704E-01 5.841924E-03 5.841924E+00 1.217800E+02 1.000000E-02 
6.853594E+02 1.220000E+02 5.852954E-05 2.760485E-01 5.873373E-03 5.873373E+00 1.220000E+02 1.000000E-02 
6.917305E+02 1.222200E+02 5.850441E-05 2.759300E-01 5.870851E-03 5.870851E+00 1.222200E+02 1.000000E-02 
6.987383E+02 1.224500E+02 5.785945E-05 2.728881E-01 5.806130E-03 5.806130E+00 1.224500E+02 1.000000E-02 
7.054883E+02 1.226700E+02 5.816841E-05 2.743453E-01 5.837133E-03 5.837133E+00 1.226700E+02 1.000000E-02 
7.115898E+02 1.229000E+02 5.794713E-05 2.733017E-01 5.814929E-03 5.814929E+00 1.229000E+02 1.000000E-02 
7.181016E+02 1.231100E+02 5.810137E-05 2.740291E-01 5.830407E-03 5.830407E+00 1.231100E+02 1.000000E-02 
7.245000E+02 1.233300E+02 5.801910E-05 2.736411E-01 5.822151E-03 5.822151E+00 1.233300E+02 1.000000E-02 
7.311914E+02 1.235600E+02 5.811940E-05 2.741141E-01 5.832215E-03 5.832215E+00 1.235600E+02 1.000000E-02 
7.380703E+02 1.238000E+02 5.831704E-05 2.750463E-01 5.852049E-03 5.852049E+00 1.238000E+02 1.000000E-02 
7.446680E+02 1.240100E+02 5.826051E-05 2.747797E-01 5.846376E-03 5.846376E+00 1.240100E+02 1.000000E-02 
7.512695E+02 1.242200E+02 5.800407E-05 2.735702E-01 5.820643E-03 5.820643E+00 1.242200E+02 1.000000E-02 
7.578086E+02 1.244300E+02 5.836016E-05 2.752497E-01 5.856376E-03 5.856376E+00 1.244300E+02 1.000000E-02 
7.642500E+02 1.246500E+02 5.821047E-05 2.745437E-01 5.841355E-03 5.841355E+00 1.246500E+02 1.000000E-02 
7.707617E+02 1.248700E+02 5.747135E-05 2.710577E-01 5.767185E-03 5.767185E+00 1.248700E+02 1.000000E-02 
7.774180E+02 1.250900E+02 5.833426E-05 2.751275E-01 5.853776E-03 5.853776E+00 1.250900E+02 1.000000E-02 
7.834688E+02 1.252800E+02 5.824201E-05 2.746924E-01 5.844519E-03 5.844519E+00 1.252800E+02 1.000000E-02 
7.900117E+02 1.255000E+02 5.798505E-05 2.734805E-01 5.818733E-03 5.818733E+00 1.255000E+02 1.000000E-02 
7.966289E+02 1.257100E+02 5.812640E-05 2.741471E-01 5.832918E-03 5.832918E+00 1.257100E+02 1.000000E-02 
8.033711E+02 1.259500E+02 5.782804E-05 2.727400E-01 5.802978E-03 5.802978E+00 1.259500E+02 1.000000E-02 
8.097812E+02 1.261400E+02 5.796630E-05 2.733921E-01 5.816852E-03 5.816852E+00 1.261400E+02 1.000000E-02 
8.161797E+02 1.263600E+02 5.840114E-05 2.754430E-01 5.860488E-03 5.860488E+00 1.263600E+02 1.000000E-02 
8.225391E+02 1.265800E+02 5.774923E-05 2.723683E-01 5.795070E-03 5.795070E+00 1.265800E+02 1.000000E-02 
8.289609E+02 1.267800E+02 5.832149E-05 2.750673E-01 5.852495E-03 5.852495E+00 1.267800E+02 1.000000E-02 
8.353594E+02 1.270000E+02 5.797889E-05 2.734514E-01 5.818116E-03 5.818116E+00 1.270000E+02 1.000000E-02 
8.417305E+02 1.272000E+02 5.787258E-05 2.729500E-01 5.807448E-03 5.807448E+00 1.272000E+02 1.000000E-02 
8.481094E+02 1.274100E+02 5.763076E-05 2.718095E-01 5.783182E-03 5.783182E+00 1.274100E+02 1.000000E-02 
8.545195E+02 1.276000E+02 5.847045E-05 2.757698E-01 5.867443E-03 5.867443E+00 1.276000E+02 1.000000E-02 
8.609414E+02 1.278200E+02 5.824945E-05 2.747275E-01 5.845266E-03 5.845266E+00 1.278200E+02 1.000000E-02 
8.671797E+02 1.280300E+02 5.782385E-05 2.727202E-01 5.802557E-03 5.802557E+00 1.280300E+02 1.000000E-02 
8.736914E+02 1.282500E+02 5.830138E-05 2.749724E-01 5.850477E-03 5.850477E+00 1.282500E+02 1.000000E-02 
8.799609E+02 1.284800E+02 5.807798E-05 2.739188E-01 5.828059E-03 5.828059E+00 1.284800E+02 1.000000E-02 
8.861406E+02 1.286600E+02 5.809950E-05 2.740203E-01 5.830219E-03 5.830219E+00 1.286600E+02 1.000000E-02 
8.927109E+02 1.288800E+02 5.845226E-05 2.756841E-01 5.865618E-03 5.865618E+00 1.288800E+02 1.000000E-02 
8.991992E+02 1.290900E+02 5.820974E-05 2.745402E-01 5.841281E-03 5.841281E+00 1.290900E+02 1.000000E-02 
9.055000E+02 1.293000E+02 5.808458E-05 2.739499E-01 5.828722E-03 5.828722E+00 1.293000E+02 1.000000E-02 
9.119609E+02 1.295200E+02 5.790028E-05 2.730807E-01 5.810227E-03 5.810227E+00 1.295200E+02 1.000000E-02 
9.190312E+02 1.297500E+02 5.817061E-05 2.743557E-01 5.837355E-03 5.837355E+00 1.297500E+02 1.000000E-02 
9.256289E+02 1.299700E+02 5.838537E-05 2.753686E-01 5.858906E-03 5.858906E+00 1.299700E+02 1.000000E-02 
9.326094E+02 1.302100E+02 5.784793E-05 2.728338E-01 5.804974E-03 5.804974E+00 1.302100E+02 1.000000E-02 
9.387109E+02 1.303800E+02 5.827291E-05 2.748382E-01 5.847621E-03 5.847621E+00 1.303800E+02 1.000000E-02 
9.452383E+02 1.306300E+02 5.797963E-05 2.734549E-01 5.818190E-03 5.818190E+00 1.306300E+02 1.000000E-02 
9.515781E+02 1.308400E+02 5.786845E-05 2.729306E-01 5.807033E-03 5.807033E+00 1.308400E+02 1.000000E-02 
9.579688E+02 1.310500E+02 5.767931E-05 2.720385E-01 5.788053E-03 5.788053E+00 1.310500E+02 1.000000E-02 
9.643711E+02 1.312600E+02 5.759424E-05 2.716373E-01 5.779516E-03 5.779516E+00 1.312600E+02 1.000000E-02 
9.707695E+02 1.314700E+02 5.804750E-05 2.737750E-01 5.825001E-03 5.825001E+00 1.314700E+02 1.000000E-02 
9.771992E+02 1.316800E+02 5.820672E-05 2.745260E-01 5.840978E-03 5.840978E+00 1.316800E+02 1.000000E-02 
9.836406E+02 1.318900E+02 5.846042E-05 2.757225E-01 5.866437E-03 5.866437E+00 1.318900E+02 1.000000E-02 
9.900586E+02 1.321200E+02 5.828518E-05 2.748960E-01 5.848852E-03 5.848852E+00 1.321200E+02 1.000000E-02 
9.964492E+02 1.323300E+02 5.816891E-05 2.743477E-01 5.837184E-03 5.837184E+00 1.323300E+02 1.000000E-02 
1.002770E+03 1.325500E+02 5.785641E-05 2.728738E-01 5.805825E-03 5.805825E+00 1.325500E+02 1.000000E-02 
1.009211E+03 1.327900E+02 5.828483E-05 2.748944E-01 5.848816E-03 5.848816E+00 1.327900E+02 1.000000E-02 
1.015621E+03 1.329800E+02 5.771544E-05 2.722089E-01 5.791679E-03 5.791679E+00 1.329800E+02 1.000000E-02 
1.021988E+03 1.331900E+02 5.788331E-05 2.730007E-01 5.808525E-03 5.808525E+00 1.331900E+02 1.000000E-02 
1.028398E+03 1.334200E+02 5.774512E-05 2.723489E-01 5.794658E-03 5.794658E+00 1.334200E+02 1.000000E-02 
1.034809E+03 1.336100E+02 5.833748E-05 2.751427E-01 5.854100E-03 5.854100E+00 1.336100E+02 1.000000E-02 
1.041160E+03 1.338200E+02 5.841436E-05 2.755053E-01 5.861814E-03 5.861814E+00 1.338200E+02 1.000000E-02 
1.047719E+03 1.340500E+02 5.772473E-05 2.722527E-01 5.792611E-03 5.792611E+00 1.340500E+02 1.000000E-02 
1.054199E+03 1.342700E+02 5.835292E-05 2.752155E-01 5.855649E-03 5.855649E+00 1.342700E+02 1.000000E-02 
1.060648E+03 1.344900E+02 5.808468E-05 2.739504E-01 5.828732E-03 5.828732E+00 1.344900E+02 1.000000E-02 
1.066980E+03 1.347100E+02 5.813045E-05 2.741663E-01 5.833325E-03 5.833325E+00 1.347100E+02 1.000000E-02 
1.073469E+03 1.349000E+02 5.816244E-05 2.743171E-01 5.836535E-03 5.836535E+00 1.349000E+02 1.000000E-02 
1.079828E+03 1.351400E+02 5.858500E-05 2.763101E-01 5.878938E-03 5.878938E+00 1.351400E+02 1.000000E-02 
1.086281E+03 1.353600E+02 5.818940E-05 2.744443E-01 5.839240E-03 5.839240E+00 1.353600E+02 1.000000E-02 
1.092648E+03 1.355600E+02 5.802432E-05 2.736657E-01 5.822674E-03 5.822674E+00 1.355600E+02 1.000000E-02 
1.099051E+03 1.358000E+02 5.836726E-05 2.752831E-01 5.857088E-03 5.857088E+00 1.358000E+02 1.000000E-02 
1.105512E+03 1.360100E+02 5.805732E-05 2.738214E-01 5.825986E-03 5.825986E+00 1.360100E+02 1.000000E-02 
1.112121E+03 1.362200E+02 5.798310E-05 2.734713E-01 5.818539E-03 5.818539E+00 1.362200E+02 1.000000E-02 
1.118559E+03 1.364500E+02 5.786728E-05 2.729251E-01 5.806916E-03 5.806916E+00 1.364500E+02 1.000000E-02 
1.125168E+03 1.366600E+02 5.796547E-05 2.733881E-01 5.816769E-03 5.816769E+00 1.366600E+02 1.000000E-02 
1.131570E+03 1.368700E+02 5.840868E-05 2.754785E-01 5.861245E-03 5.861245E+00 1.368700E+02 1.000000E-02 
1.137941E+03 1.371000E+02 5.796688E-05 2.733948E-01 5.816911E-03 5.816911E+00 1.371000E+02 1.000000E-02 
1.144410E+03 1.373000E+02 5.816271E-05 2.743184E-01 5.836562E-03 5.836562E+00 1.373000E+02 1.000000E-02 
1.150750E+03 1.375100E+02 5.795299E-05 2.733293E-01 5.815517E-03 5.815517E+00 1.375100E+02 1.000000E-02 
1.157148E+03 1.377400E+02 5.827496E-05 2.748478E-01 5.847826E-03 5.847826E+00 1.377400E+02 1.000000E-02 
1.163570E+03 1.379400E+02 5.765517E-05 2.719246E-01 5.785630E-03 5.785630E+00 1.379400E+02 1.000000E-02 
1.170031E+03 1.381400E+02 5.797167E-05 2.734174E-01 5.817391E-03 5.817391E+00 1.381400E+02 1.000000E-02 
1.176512E+03 1.383600E+02 5.819498E-05 2.744706E-01 5.839800E-03 5.839800E+00 1.383600E+02 1.000000E-02 
1.183031E+03 1.385900E+02 5.801000E-05 2.735982E-01 5.821238E-03 5.821238E+00 1.385900E+02 1.000000E-02 
1.189441E+03 1.388000E+02 5.752312E-05 2.713018E-01 5.772380E-03 5.772380E+00 1.388000E+02 1.000000E-02 
1.195789E+03 1.389800E+02 5.753757E-05 2.713700E-01 5.773830E-03 5.773830E+00 1.389800E+02 1.000000E-02 
1.202219E+03 1.392200E+02 5.799454E-05 2.735252E-01 5.819686E-03 5.819686E+00 1.392200E+02 1.000000E-02 
1.208602E+03 1.394300E+02 5.716076E-05 2.695928E-01 5.736018E-03 5.736018E+00 1.394300E+02 1.000000E-02 
1.215012E+03 1.396400E+02 5.826509E-05 2.748013E-01 5.846836E-03 5.846836E+00 1.396400E+02 1.000000E-02 
1.221469E+03 1.398500E+02 5.842409E-05 2.755512E-01 5.862791E-03 5.862791E+00 1.398500E+02 1.000000E-02 
1.227719E+03 1.400700E+02 5.768113E-05 2.720471E-01 5.788235E-03 5.788235E+00 1.400700E+02 1.000000E-02 
1.234160E+03 1.402900E+02 5.814927E-05 2.742550E-01 5.835213E-03 5.835213E+00 1.402900E+02 1.000000E-02 
1.240270E+03 1.404700E+02 5.811222E-05 2.740803E-01 5.831495E-03 5.831495E+00 1.404700E+02 1.000000E-02 
1.246770E+03 1.407000E+02 5.777229E-05 2.724770E-01 5.797384E-03 5.797384E+00 1.407000E+02 1.000000E-02 
1.253168E+03 1.409200E+02 5.793153E-05 2.732281E-01 5.813363E-03 5.813363E+00 1.409200E+02 1.000000E-02 
1.259570E+03 1.411300E+02 5.820506E-05 2.745181E-01 5.840811E-03 5.840811E+00 1.411300E+02 1.000000E-02 
1.265980E+03 1.413500E+02 5.804815E-05 2.737781E-01 5.825066E-03 5.825066E+00 1.413500E+02 1.000000E-02 
1.272730E+03 1.415700E+02 5.825490E-05 2.747532E-01 5.845813E-03 5.845813E+00 1.415700E+02 1.000000E-02 
1.279000E+03 1.417600E+02 5.826899E-05 2.748197E-01 5.847227E-03 5.847227E+00 1.417600E+02 1.000000E-02 
1.285211E+03 1.419500E+02 5.749555E-05 2.711718E-01 5.769613E-03 5.769613E+00 1.419500E+02 1.000000E-02 
1.291629E+03 1.421900E+02 5.839963E-05 2.754358E-01 5.860337E-03 5.860337E+00 1.421900E+02 1.000000E-02 
1.298020E+03 1.423900E+02 5.796598E-05 2.733906E-01 5.816821E-03 5.816821E+00 1.423900E+02 1.000000E-02 
1.304430E+03 1.426100E+02 5.762728E-05 2.717931E-01 5.782832E-03 5.782832E+00 1.426100E+02 1.000000E-02 
1.310840E+03 1.428500E+02 5.775382E-05 2.723899E-01 5.795530E-03 5.795530E+00 1.428500E+02 1.000000E-02 
1.317809E+03 1.430800E+02 5.779390E-05 2.725790E-01 5.799552E-03 5.799552E+00 1.430800E+02 1.000000E-02 
1.324059E+03 1.432600E+02 5.756860E-05 2.715164E-01 5.776944E-03 5.776944E+00 1.432600E+02 1.000000E-02 
1.330570E+03 1.434700E+02 5.819395E-05 2.744658E-01 5.839697E-03 5.839697E+00 1.434700E+02 1.000000E-02 
1.336871E+03 1.437300E+02 5.837035E-05 2.752977E-01 5.857398E-03 5.857398E+00 1.437300E+02 1.000000E-02 
1.343539E+03 1.439000E+02 5.798145E-05 2.734635E-01 5.818373E-03 5.818373E+00 1.439000E+02 1.000000E-02 
1.350039E+03 1.441700E+02 5.823156E-05 2.746431E-01 5.843470E-03 5.843470E+00 1.441700E+02 1.000000E-02 
1.356371E+03 1.443700E+02 5.786339E-05 2.729067E-01 5.806526E-03 5.806526E+00 1.443700E+02 1.000000E-02 
1.362809E+03 1.445900E+02 5.755585E-05 2.714562E-01 5.775665E-03 5.775665E+00 1.445900E+02 1.000000E-02 
1.369449E+03 1.448100E+02 5.763230E-05 2.718168E-01 5.783336E-03 5.783336E+00 1.448100E+02 1.000000E-02 
1.375789E+03 1.450100E+02 5.782662E-05 2.727333E-01 5.802835E-03 5.802835E+00 1.450100E+02 1.000000E-02 
1.382199E+03 1.452400E+02 5.823695E-05 2.746686E-01 5.844012E-03 5.844012E+00 1.452400E+02 1.000000E-02 
1.388648E+03 1.454500E+02 5.783996E-05 2.727962E-01 5.804174E-03 5.804174E+00 1.454500E+02 1.000000E-02 
1.395000E+03 1.456900E+02 5.804942E-05 2.737841E-01 5.825193E-03 5.825193E+00 1.456900E+02 1.000000E-02 
1.401449E+03 1.458900E+02 5.805232E-05 2.737978E-01 5.825484E-03 5.825484E+00 1.458900E+02 1.000000E-02 
1.407801E+03 1.461000E+02 5.784416E-05 2.728160E-01 5.804595E-03 5.804595E+00 1.461000E+02 1.000000E-02 
1.414211E+03 1.463000E+02 5.741555E-05 2.707945E-01 5.761585E-03 5.761585E+00 1.463000E+02 1.000000E-02 
1.420590E+03 1.465500E+02 5.801728E-05 2.736325E-01 5.821968E-03 5.821968E+00 1.465500E+02 1.000000E-02 
1.426988E+03 1.467400E+02 5.766597E-05 2.719756E-01 5.786715E-03 5.786715E+00 1.467400E+02 1.000000E-02 
1.433480E+03 1.469700E+02 5.805956E-05 2.738319E-01 5.826210E-03 5.826210E+00 1.469700E+02 1.000000E-02 
1.439852E+03 1.471400E+02 5.770928E-05 2.721799E-01 5.791061E-03 5.791061E+00 1.471400E+02 1.000000E-02 
1.446461E+03 1.473500E+02 5.769467E-05 2.721109E-01 5.789595E-03 5.789595E+00 1.473500E+02 1.000000E-02 
1.452871E+03 1.475900E+02 5.774068E-05 2.723279E-01 5.794211E-03 5.794211E+00 1.475900E+02 1.000000E-02 
1.459531E+03 1.478300E+02 5.801284E-05 2.736116E-01 5.821523E-03 5.821523E+00 1.478300E+02 1.000000E-02 
1.465930E+03 1.480100E+02 5.804779E-05 2.737764E-01 5.825030E-03 5.825030E+00 1.480100E+02 1.000000E-02 
1.472309E+03 1.482300E+02 5.741966E-05 2.708139E-01 5.761997E-03 5.761997E+00 1.482300E+02 1.000000E-02 
1.478699E+03 1.484400E+02 5.814269E-05 2.742240E-01 5.834553E-03 5.834553E+00 1.484400E+02 1.000000E-02 
1.485109E+03 1.486300E+02 5.755526E-05 2.714534E-01 5.775605E-03 5.775605E+00 1.486300E+02 1.000000E-02 
1.491461E+03 1.488700E+02 5.757163E-05 2.715307E-01 5.777248E-03 5.777248E+00 1.488700E+02 1.000000E-02 
1.497891E+03 1.491000E+02 5.796065E-05 2.733654E-01 5.816286E-03 5.816286E+00 1.491000E+02 1.000000E-02 
1.504129E+03 1.493100E+02 5.794072E-05 2.732714E-01 5.814286E-03 5.814286E+00 1.493100E+02 1.000000E-02 
1.510699E+03 1.495200E+02 5.762469E-05 2.717809E-01 5.782572E-03 5.782572E+00 1.495200E+02 1.000000E-02 
1.517109E+03 1.497400E+02 5.785381E-05 2.728615E-01 5.805564E-03 5.805564E+00 1.497400E+02 1.000000E-02 
1.523570E+03 1.499500E+02 5.762750E-05 2.717942E-01 5.782855E-03 5.782855E+00 1.499500E+02 1.000000E-02 
1.529949E+03 1.501300E+02 5.776508E-05 2.724430E-01 5.796661E-03 5.796661E+00 1.501300E+02 1.000000E-02 
1.536371E+03 1.503900E+02 5.770334E-05 2.721518E-01 5.790464E-03 5.790464E+00 1.503900E+02 1.000000E-02 
1.542770E+03 1.505700E+02 5.742251E-05 2.708273E-01 5.762284E-03 5.762284E+00 1.505700E+02 1.000000E-02 
1.548730E+03 1.508200E+02 5.727476E-05 2.701305E-01 5.747458E-03 5.747458E+00 1.508200E+02 1.000000E-02 
1.555328E+03 1.509900E+02 5.766231E-05 2.719583E-01 5.786347E-03 5.786347E+00 1.509900E+02 1.000000E-02 
1.561809E+03 1.512100E+02 5.809929E-05 2.740193E-01 5.830198E-03 5.830198E+00 1.512100E+02 1.000000E-02 
1.568359E+03 1.514400E+02 5.740314E-05 2.707360E-01 5.760340E-03 5.760340E+00 1.514400E+02 1.000000E-02 
1.574680E+03 1.516400E+02 5.798781E-05 2.734935E-01 5.819010E-03 5.819010E+00 1.516400E+02 1.000000E-02 
1.581191E+03 1.518700E+02 5.786990E-05 2.729374E-01 5.807179E-03 5.807179E+00 1.518700E+02 1.000000E-02 
1.587730E+03 1.520700E+02 5.780717E-05 2.726415E-01 5.800883E-03 5.800883E+00 1.520700E+02 1.000000E-02 
1.594109E+03 1.522900E+02 5.822690E-05 2.746212E-01 5.843003E-03 5.843003E+00 1.522900E+02 1.000000E-02 
1.600602E+03 1.525500E+02 5.800261E-05 2.735633E-01 5.820496E-03 5.820496E+00 1.525500E+02 1.000000E-02 
1.606969E+03 1.527600E+02 5.738524E-05 2.706516E-01 5.758544E-03 5.758544E+00 1.527600E+02 1.000000E-02 
1.613379E+03 1.529300E+02 5.801464E-05 2.736200E-01 5.821703E-03 5.821703E+00 1.529300E+02 1.000000E-02 
1.619781E+03 1.531600E+02 5.836004E-05 2.752491E-01 5.856363E-03 5.856363E+00 1.531600E+02 1.000000E-02 
1.626238E+03 1.533500E+02 5.782090E-05 2.727063E-01 5.802262E-03 5.802262E+00 1.533500E+02 1.000000E-02 
1.632852E+03 1.535800E+02 5.794146E-05 2.732749E-01 5.814360E-03 5.814360E+00 1.535800E+02 1.000000E-02 
1.639289E+03 1.537900E+02 5.806593E-05 2.738619E-01 5.826850E-03 5.826850E+00 1.537900E+02 1.000000E-02 
1.645691E+03 1.540300E+02 5.806481E-05 2.738567E-01 5.826738E-03 5.826738E+00 1.540300E+02 1.000000E-02 
1.652059E+03 1.542000E+02 5.791017E-05 2.731273E-01 5.811220E-03 5.811220E+00 1.542000E+02 1.000000E-02 
1.658379E+03 1.544500E+02 5.744950E-05 2.709546E-01 5.764992E-03 5.764992E+00 1.544500E+02 1.000000E-02 
1.664859E+03 1.546300E+02 5.773942E-05 2.723220E-01 5.794085E-03 5.794085E+00 1.546300E+02 1.000000E-02 
1.671262E+03 1.548800E+02 5.800401E-05 2.735699E-01 5.820636E-03 5.820636E+00 1.548800E+02 1.000000E-02 
1.677691E+03 1.550700E+02 5.751658E-05 2.712710E-01 5.771724E-03 5.771724E+00 1.550700E+02 1.000000E-02 
1.684148E+03 1.552800E+02 5.773620E-05 2.723068E-01 5.793762E-03 5.793762E+00 1.552800E+02 1.000000E-02 
1.690738E+03 1.555300E+02 5.792924E-05 2.732173E-01 5.813133E-03 5.813133E+00 1.555300E+02 1.000000E-02 
1.697148E+03 1.557000E+02 5.757813E-05 2.715613E-01 5.777900E-03 5.777900E+00 1.557000E+02 1.000000E-02 
1.703559E+03 1.559100E+02 5.747228E-05 2.710621E-01 5.767278E-03 5.767278E+00 1.559100E+02 1.000000E-02 
1.709961E+03 1.561500E+02 5.825357E-05 2.747469E-01 5.845679E-03 5.845679E+00 1.561500E+02 1.000000E-02 
1.716270E+03 1.563600E+02 5.740432E-05 2.707415E-01 5.760458E-03 5.760458E+00 1.563600E+02 1.000000E-02 
1.723000E+03 1.566000E+02 5.761893E-05 2.717537E-01 5.781994E-03 5.781994E+00 1.566000E+02 1.000000E-02 
1.729340E+03 1.568100E+02 5.783956E-05 2.727943E-01 5.804134E-03 5.804134E+00 1.568100E+02 1.000000E-02 
1.735801E+03 1.570300E+02 5.792544E-05 2.731994E-01 5.812753E-03 5.812753E+00 1.570300E+02 1.000000E-02 
1.742199E+03 1.572300E+02 5.803584E-05 2.737201E-01 5.823831E-03 5.823831E+00 1.572300E+02 1.000000E-02 
1.748609E+03 1.574700E+02 5.745754E-05 2.709926E-01 5.765799E-03 5.765799E+00 1.574700E+02 1.000000E-02 
1.754961E+03 1.576300E+02 5.794136E-05 2.732744E-01 5.814349E-03 5.814349E+00 1.576300E+02 1.000000E-02 
1.761309E+03 1.578900E+02 5.799219E-05 2.735141E-01 5.819450E-03 5.819450E+00 1.578900E+02 1.000000E-02 
1.767449E+03 1.580900E+02 5.814652E-05 2.742421E-01 5.834937E-03 5.834937E+00 1.580900E+02 1.000000E-02 
1.773941E+03 1.582900E+02 5.792356E-05 2.731905E-01 5.812563E-03 5.812563E+00 1.582900E+02 1.000000E-02 
1.780648E+03 1.585400E+02 5.788044E-05 2.729871E-01 5.808236E-03 5.808236E+00 1.585400E+02 1.000000E-02 
1.787000E+03 1.587400E+02 5.791645E-05 2.731569E-01 5.811850E-03 5.811850E+00 1.587400E+02 1.000000E-02 
1.793441E+03 1.589600E+02 5.789373E-05 2.730498E-01 5.809570E-03 5.809570E+00 1.589600E+02 1.000000E-02 
1.799809E+03 1.591500E+02 5.749848E-05 2.711856E-01 5.769907E-03 5.769907E+00 1.591500E+02 1.000000E-02 
1.806219E+03 1.593900E+02 5.766012E-05 2.719480E-01 5.786127E-03 5.786127E+00 1.593900E+02 1.000000E-02 
1.812801E+03 1.596500E+02 5.779746E-05 2.725957E-01 5.799909E-03 5.799909E+00 1.596500E+02 1.000000E-02 
1.819219E+03 1.598300E+02 5.822425E-05 2.746086E-01 5.842737E-03 5.842737E+00 1.598300E+02 1.000000E-02 
1.825488E+03 1.600200E+02 5.807341E-05 2.738972E-01 5.827601E-03 5.827601E+00 1.600200E+02 1.000000E-02 
1.831578E+03 1.602300E+02 5.808606E-05 2.739569E-01 5.828870E-03 5.828870E+00 1.602300E+02 1.000000E-02 
1.838219E+03 1.604400E+02 5.795281E-05 2.733284E-01 5.815498E-03 5.815498E+00 1.604400E+02 1.000000E-02 
1.844629E+03 1.606700E+02 5.764814E-05 2.718915E-01 5.784925E-03 5.784925E+00 1.606700E+02 1.000000E-02 
1.850949E+03 1.608700E+02 5.800415E-05 2.735706E-01 5.820650E-03 5.820650E+00 1.608700E+02 1.000000E-02 
1.857371E+03 1.610800E+02 5.831961E-05 2.750584E-01 5.852306E-03 5.852306E+00 1.610800E+02 1.000000E-02 
1.863809E+03 1.612900E+02 5.812049E-05 2.741193E-01 5.832326E-03 5.832326E+00 1.612900E+02 1.000000E-02 
1.870328E+03 1.615500E+02 5.797504E-05 2.734333E-01 5.817730E-03 5.817730E+00 1.615500E+02 1.000000E-02 
1.876629E+03 1.617500E+02 5.819546E-05 2.744729E-01 5.839848E-03 5.839848E+00 1.617500E+02 1.000000E-02 
1.883031E+03 1.619300E+02 5.807504E-05 2.739049E-01 5.827764E-03 5.827764E+00 1.619300E+02 1.000000E-02 
1.889430E+03 1.621400E+02 5.765717E-05 2.719341E-01 5.785832E-03 5.785832E+00 1.621400E+02 1.000000E-02 
1.895801E+03 1.623900E+02 5.783929E-05 2.727930E-01 5.804107E-03 5.804107E+00 1.623900E+02 1.000000E-02 
1.902199E+03 1.625800E+02 5.785633E-05 2.728734E-01 5.805817E-03 5.805817E+00 1.625800E+02 1.000000E-02 
1.908602E+03 1.628200E+02 5.775957E-05 2.724171E-01 5.796108E-03 5.796108E+00 1.628200E+02 1.000000E-02 
1.915301E+03 1.630400E+02 5.760778E-05 2.717011E-01 5.780875E-03 5.780875E+00 1.630400E+02 1.000000E-02 
1.921762E+03 1.632400E+02 5.750882E-05 2.712344E-01 5.770945E-03 5.770945E+00 1.632400E+02 1.000000E-02 
1.927828E+03 1.634300E+02 5.807844E-05 2.739210E-01 5.828106E-03 5.828106E+00 1.634300E+02 1.000000E-02 
1.934480E+03 1.636700E+02 5.833667E-05 2.751389E-01 5.854019E-03 5.854019E+00 1.636700E+02 1.000000E-02 
1.940871E+03 1.638300E+02 5.802617E-05 2.736744E-01 5.822860E-03 5.822860E+00 1.638300E+02 1.000000E-02 
1.947219E+03 1.640800E+02 5.793134E-05 2.732272E-01 5.813344E-03 5.813344E+00 1.640800E+02 1.000000E-02 
1.953570E+03 1.642900E+02 5.813899E-05 2.742065E-01 5.834181E-03 5.834181E+00 1.642900E+02 1.000000E-02 
1.960020E+03 1.644800E+02 5.788806E-05 2.730230E-01 5.809001E-03 5.809001E+00 1.644800E+02 1.000000E-02 
1.966750E+03 1.647300E+02 5.795334E-05 2.733309E-01 5.815552E-03 5.815552E+00 1.647300E+02 1.000000E-02 
1.973141E+03 1.649400E+02 5.824193E-05 2.746920E-01 5.844511E-03 5.844511E+00 1.649400E+02 1.000000E-02 
1.979539E+03 1.651300E+02 5.822310E-05 2.746032E-01 5.842622E-03 5.842622E+00 1.651300E+02 1.000000E-02 
1.986000E+03 1.653600E+02 5.779307E-05 2.725750E-01 5.799469E-03 5.799469E+00 1.653600E+02 1.000000E-02 
1.992578E+03 1.655900E+02 5.814787E-05 2.742484E-01 5.835072E-03 5.835072E+00 1.655900E+02 1.000000E-02 
1.998941E+03 1.657900E+02 5.800398E-05 2.735698E-01 5.820633E-03 5.820633E+00 1.657900E+02 1.000000E-02 
2.005398E+03 1.660100E+02 5.783728E-05 2.727836E-01 5.803905E-03 5.803905E+00 1.660100E+02 1.000000E-02 
2.011801E+03 1.662100E+02 5.745635E-05 2.709869E-01 5.765680E-03 5.765680E+00 1.662100E+02 1.000000E-02 
2.018199E+03 1.664400E+02 5.786409E-05 2.729100E-01 5.806595E-03 5.806595E+00 1.664400E+02 1.000000E-02 
2.024609E+03 1.666500E+02 5.749725E-05 2.711798E-01 5.769783E-03 5.769783E+00 1.666500E+02 1.000000E-02 
2.031289E+03 1.668600E+02 5.793491E-05 2.732440E-01 5.813703E-03 5.813703E+00 1.668600E+02 1.000000E-02 
2.037629E+03 1.670800E+02 5.816691E-05 2.743382E-01 5.836983E-03 5.836983E+00 1.670800E+02 1.000000E-02 
2.044039E+03 1.673100E+02 5.771014E-05 2.721839E-01 5.791147E-03 5.791147E+00 1.673100E+02 1.000000E-02 
2.050449E+03 1.675200E+02 5.800287E-05 2.735645E-01 5.820522E-03 5.820522E+00 1.675200E+02 1.000000E-02 
2.056879E+03 1.677000E+02 5.787427E-05 2.729580E-01 5.807617E-03 5.807617E+00 1.677000E+02 1.000000E-02 
2.063238E+03 1.679300E+02 5.816577E-05 2.743329E-01 5.836869E-03 5.836869E+00 1.679300E+02 1.000000E-02 
2.069648E+03 1.681400E+02 5.767835E-05 2.720340E-01 5.787957E-03 5.787957E+00 1.681400E+02 1.000000E-02 
2.076059E+03 1.684000E+02 5.804071E-05 2.737430E-01 5.824319E-03 5.824319E+00 1.684000E+02 1.000000E-02 
2.082469E+03 1.685400E+02 5.739913E-05 2.707171E-01 5.759937E-03 5.759937E+00 1.685400E+02 1.000000E-02 
2.088879E+03 1.687600E+02 5.782909E-05 2.727449E-01 5.803084E-03 5.803084E+00 1.687600E+02 1.000000E-02 
2.095488E+03 1.690200E+02 5.806805E-05 2.738720E-01 5.827063E-03 5.827063E+00 1.690200E+02 1.000000E-02 
2.101910E+03 1.692300E+02 5.762448E-05 2.717799E-01 5.782551E-03 5.782551E+00 1.692300E+02 1.000000E-02 
2.108301E+03 1.694500E+02 5.821561E-05 2.745679E-01 5.841870E-03 5.841870E+00 1.694500E+02 1.000000E-02 
2.114711E+03 1.696500E+02 5.829411E-05 2.749382E-01 5.849748E-03 5.849748E+00 1.696500E+02 1.000000E-02 
2.121391E+03 1.698700E+02 5.815597E-05 2.742866E-01 5.835885E-03 5.835885E+00 1.698700E+02 1.000000E-02 
2.127520E+03 1.700700E+02 5.738842E-05 2.706666E-01 5.758863E-03 5.758863E+00 1.700700E+02 1.000000E-02 
2.134148E+03 1.702900E+02 5.819334E-05 2.744629E-01 5.839635E-03 5.839635E+00 1.702900E+02 1.000000E-02 
2.140711E+03 1.705500E+02 5.849025E-05 2.758632E-01 5.869430E-03 5.869430E+00 1.705500E+02 1.000000E-02 
2.147211E+03 1.707500E+02 5.796222E-05 2.733728E-01 5.816443E-03 5.816443E+00 1.707500E+02 1.000000E-02 
2.153398E+03 1.709300E+02 5.796698E-05 2.733952E-01 5.816920E-03 5.816920E+00 1.709300E+02 1.000000E-02 
2.159391E+03 1.711600E+02 5.804624E-05 2.737691E-01 5.824874E-03 5.824874E+00 1.711600E+02 1.000000E-02 
2.165859E+03 1.713800E+02 5.822944E-05 2.746331E-01 5.843258E-03 5.843258E+00 1.713800E+02 1.000000E-02 
2.172328E+03 1.715800E+02 5.848705E-05 2.758481E-01 5.869109E-03 5.869109E+00 1.715800E+02 1.000000E-02 
2.178980E+03 1.718200E+02 5.818161E-05 2.744076E-01 5.838459E-03 5.838459E+00 1.718200E+02 1.000000E-02 
2.185379E+03 1.720200E+02 5.807347E-05 2.738975E-01 5.827607E-03 5.827607E+00 1.720200E+02 1.000000E-02 
2.191781E+03 1.722400E+02 5.790860E-05 2.731199E-01 5.811062E-03 5.811062E+00 1.722400E+02 1.000000E-02 
2.198160E+03 1.724800E+02 5.846600E-05 2.757488E-01 5.866997E-03 5.866997E+00 1.724800E+02 1.000000E-02 
2.204590E+03 1.726500E+02 5.808754E-05 2.739639E-01 5.829018E-03 5.829018E+00 1.726500E+02 1.000000E-02 
2.210969E+03 1.728900E+02 5.751459E-05 2.712616E-01 5.771523E-03 5.771523E+00 1.728900E+02 1.000000E-02 
2.217359E+03 1.731000E+02 5.806400E-05 2.738528E-01 5.826656E-03 5.826656E+00 1.731000E+02 1.000000E-02 
2.223770E+03 1.733100E+02 5.798241E-05 2.734681E-01 5.818469E-03 5.818469E+00 1.733100E+02 1.000000E-02 
2.230168E+03 1.734900E+02 5.797052E-05 2.734119E-01 5.817275E-03 5.817275E+00 1.734900E+02 1.000000E-02 
2.236570E+03 1.737200E+02 5.782261E-05 2.727144E-01 5.802433E-03 5.802433E+00 1.737200E+02 1.000000E-02 
2.242969E+03 1.739600E+02 5.747867E-05 2.710922E-01 5.767919E-03 5.767919E+00 1.739600E+02 1.000000E-02 
2.249371E+03 1.741700E+02 5.841490E-05 2.755079E-01 5.861869E-03 5.861869E+00 1.741700E+02 1.000000E-02 
2.255941E+03 1.743900E+02 5.810490E-05 2.740458E-01 5.830761E-03 5.830761E+00 1.743900E+02 1.000000E-02 
2.262469E+03 1.745900E+02 5.812738E-05 2.741518E-01 5.833016E-03 5.833016E+00 1.745900E+02 1.000000E-02 
2.269070E+03 1.748000E+02 5.732167E-05 2.703517E-01 5.752164E-03 5.752164E+00 1.748000E+02 1.000000E-02 
2.275461E+03 1.750400E+02 5.807123E-05 2.738870E-01 5.827382E-03 5.827382E+00 1.750400E+02 1.000000E-02 
2.281871E+03 1.752700E+02 5.782425E-05 2.727221E-01 5.802598E-03 5.802598E+00 1.752700E+02 1.000000E-02 
2.288270E+03 1.754800E+02 5.783257E-05 2.727613E-01 5.803433E-03 5.803433E+00 1.754800E+02 1.000000E-02 
2.294668E+03 1.756700E+02 5.799591E-05 2.735317E-01 5.819823E-03 5.819823E+00 1.756700E+02 1.000000E-02 
2.301070E+03 1.758800E+02 5.747500E-05 2.710749E-01 5.767551E-03 5.767551E+00 1.758800E+02 1.000000E-02 
2.307469E+03 1.761000E+02 5.796874E-05 2.734036E-01 5.817097E-03 5.817097E+00 1.761000E+02 1.000000E-02 
2.313801E+03 1.762900E+02 5.757614E-05 2.715519E-01 5.777701E-03 5.777701E+00 1.762900E+02 1.000000E-02 
2.320219E+03 1.765000E+02 5.833181E-05 2.751160E-01 5.853531E-03 5.853531E+00 1.765000E+02 1.000000E-02 
2.326668E+03 1.767100E+02 5.748823E-05 2.711373E-01 5.768878E-03 5.768878E+00 1.767100E+02 1.000000E-02 
2.333051E+03 1.769600E+02 5.780151E-05 2.726148E-01 5.800316E-03 5.800316E+00 1.769600E+02 1.000000E-02 
2.339398E+03 1.771400E+02 5.797910E-05 2.734524E-01 5.818137E-03 5.818137E+00 1.771400E+02 1.000000E-02 
2.345828E+03 1.773600E+02 5.733146E-05 2.703979E-01 5.753147E-03 5.753147E+00 1.773600E+02 1.000000E-02 
2.352230E+03 1.775800E+02 5.790655E-05 2.731103E-01 5.810857E-03 5.810857E+00 1.775800E+02 1.000000E-02 
2.358668E+03 1.778000E+02 5.818620E-05 2.744292E-01 5.838919E-03 5.838919E+00 1.778000E+02 1.000000E-02 
2.364910E+03 1.780100E+02 5.724062E-05 2.699695E-01 5.744031E-03 5.744031E+00 1.780100E+02 1.000000E-02 
2.370852E+03 1.781800E+02 5.787519E-05 2.729624E-01 5.807710E-03 5.807710E+00 1.781800E+02 1.000000E-02 
2.377262E+03 1.784500E+02 5.774132E-05 2.723310E-01 5.794276E-03 5.794276E+00 1.784500E+02 1.000000E-02 
2.384012E+03 1.786500E+02 5.762463E-05 2.717806E-01 5.782566E-03 5.782566E+00 1.786500E+02 1.000000E-02 
2.390500E+03 1.788400E+02 5.849674E-05 2.758938E-01 5.870081E-03 5.870081E+00 1.788400E+02 1.000000E-02 
2.396809E+03 1.790900E+02 5.819627E-05 2.744767E-01 5.839929E-03 5.839929E+00 1.790900E+02 1.000000E-02 
2.403328E+03 1.792700E+02 5.747593E-05 2.710793E-01 5.767645E-03 5.767645E+00 1.792700E+02 1.000000E-02 
2.409918E+03 1.795000E+02 5.847600E-05 2.757960E-01 5.868000E-03 5.868000E+00 1.795000E+02 1.000000E-02 
2.416320E+03 1.797100E+02 5.818607E-05 2.744286E-01 5.838906E-03 5.838906E+00 1.797100E+02 1.000000E-02 
2.422691E+03 1.799200E+02 5.786965E-05 2.729362E-01 5.807153E-03 5.807153E+00 1.799200E+02 1.000000E-02 
2.429191E+03 1.801300E+02 5.770127E-05 2.721421E-01 5.790256E-03 5.790256E+00 1.801300E+02 1.000000E-02 
2.435762E+03 1.804000E+02 5.871613E-05 2.769286E-01 5.892097E-03 5.892097E+00 1.804000E+02 1.000000E-02 
2.442430E+03 1.805600E+02 5.828867E-05 2.749125E-01 5.849202E-03 5.849202E+00 1.805600E+02 1.000000E-02 
2.448961E+03 1.808200E+02 5.828115E-05 2.748770E-01 5.848447E-03 5.848447E+00 1.808200E+02 1.000000E-02 
2.455469E+03 1.810200E+02 5.796624E-05 2.733918E-01 5.816846E-03 5.816846E+00 1.810200E+02 1.000000E-02 
2.461871E+03 1.812400E+02 5.771330E-05 2.721988E-01 5.791464E-03 5.791464E+00 1.812400E+02 1.000000E-02 
2.468250E+03 1.814100E+02 5.778755E-05 2.725490E-01 5.798915E-03 5.798915E+00 1.814100E+02 1.000000E-02 
2.474691E+03 1.816500E+02 5.754185E-05 2.713902E-01 5.774259E-03 5.774259E+00 1.816500E+02 1.000000E-02 
2.481051E+03 1.818700E+02 5.822798E-05 2.746262E-01 5.843112E-03 5.843112E+00 1.818700E+02 1.000000E-02 
2.487770E+03 1.820700E+02 5.809784E-05 2.740125E-01 5.830052E-03 5.830052E+00 1.820700E+02 1.000000E-02 
2.494309E+03 1.822900E+02 5.778454E-05 2.725348E-01 5.798613E-03 5.798613E+00 1.822900E+02 1.000000E-02 
2.500840E+03 1.825500E+02 5.769847E-05 2.721289E-01 5.789976E-03 5.789976E+00 1.825500E+02 1.000000E-02 
2.507578E+03 1.827600E+02 5.762377E-05 2.717766E-01 5.782480E-03 5.782480E+00 1.827600E+02 1.000000E-02 
2.514109E+03 1.829900E+02 5.683705E-05 2.680661E-01 5.703533E-03 5.703533E+00 1.829900E+02 1.000000E-02 
2.520512E+03 1.832100E+02 5.759315E-05 2.716321E-01 5.779407E-03 5.779407E+00 1.832100E+02 1.000000E-02 
2.527309E+03 1.834300E+02 5.785450E-05 2.728647E-01 5.805633E-03 5.805633E+00 1.834300E+02 1.000000E-02 
2.534520E+03 1.836100E+02 5.796663E-05 2.733936E-01 5.816885E-03 5.816885E+00 1.836100E+02 1.000000E-02 
2.540980E+03 1.838700E+02 5.823852E-05 2.746760E-01 5.844170E-03 5.844170E+00 1.838700E+02 1.000000E-02 
2.547398E+03 1.840900E+02 5.750247E-05 2.712045E-01 5.770308E-03 5.770308E+00 1.840900E+02 1.000000E-02 
2.553980E+03 1.842800E+02 5.778015E-05 2.725141E-01 5.798172E-03 5.798172E+00 1.842800E+02 1.000000E-02 
2.560660E+03 1.844700E+02 5.754525E-05 2.714062E-01 5.774600E-03 5.774600E+00 1.844700E+02 1.000000E-02 
2.567059E+03 1.847300E+02 5.766696E-05 2.719803E-01 5.786814E-03 5.786814E+00 1.847300E+02 1.000000E-02 
2.573480E+03 1.849500E+02 5.855047E-05 2.761473E-01 5.875474E-03 5.875474E+00 1.849500E+02 1.000000E-02 
2.579879E+03 1.851000E+02 5.747123E-05 2.710571E-01 5.767173E-03 5.767173E+00 1.851000E+02 1.000000E-02 
2.586309E+03 1.853700E+02 5.733454E-05 2.704124E-01 5.753456E-03 5.753456E+00 1.853700E+02 1.000000E-02 
2.593418E+03 1.856100E+02 5.830010E-05 2.749664E-01 5.850348E-03 5.850348E+00 1.856100E+02 1.000000E-02 
2.599621E+03 1.858300E+02 5.830271E-05 2.749787E-01 5.850610E-03 5.850610E+00 1.858300E+02 1.000000E-02 
2.605980E+03 1.860200E+02 5.787854E-05 2.729781E-01 5.808045E-03 5.808045E+00 1.860200E+02 1.000000E-02 
2.612379E+03 1.862500E+02 5.794876E-05 2.733093E-01 5.815092E-03 5.815092E+00 1.862500E+02 1.000000E-02 
2.618781E+03 1.864400E+02 5.784315E-05 2.728112E-01 5.804494E-03 5.804494E+00 1.864400E+02 1.000000E-02 
2.625941E+03 1.867300E+02 5.753390E-05 2.713527E-01 5.773461E-03 5.773461E+00 1.867300E+02 1.000000E-02 
2.632340E+03 1.869200E+02 5.744955E-05 2.709549E-01 5.764997E-03 5.764997E+00 1.869200E+02 1.000000E-02 
2.638801E+03 1.871300E+02 5.845996E-05 2.757203E-01 5.866390E-03 5.866390E+00 1.871300E+02 1.000000E-02 
2.645352E+03 1.873600E+02 5.749654E-05 2.711765E-01 5.769712E-03 5.769712E+00 1.873600E+02 1.000000E-02 
2.651668E+03 1.875500E+02 5.837631E-05 2.753258E-01 5.857996E-03 5.857996E+00 1.875500E+02 1.000000E-02 
2.658270E+03 1.878000E+02 5.848411E-05 2.758343E-01 5.868814E-03 5.868814E+00 1.878000E+02 1.000000E-02 
2.664809E+03 1.880200E+02 5.786793E-05 2.729281E-01 5.806981E-03 5.806981E+00 1.880200E+02 1.000000E-02 
2.671309E+03 1.881900E+02 5.782765E-05 2.727381E-01 5.802939E-03 5.802939E+00 1.881900E+02 1.000000E-02 
2.677969E+03 1.884600E+02 5.780322E-05 2.726229E-01 5.800488E-03 5.800488E+00 1.884600E+02 1.000000E-02 
2.684230E+03 1.886400E+02 5.820400E-05 2.745132E-01 5.840706E-03 5.840706E+00 1.886400E+02 1.000000E-02 
2.691230E+03 1.888800E+02 5.807743E-05 2.739162E-01 5.828004E-03 5.828004E+00 1.888800E+02 1.000000E-02 
2.697770E+03 1.891200E+02 5.747710E-05 2.710848E-01 5.767761E-03 5.767761E+00 1.891200E+02 1.000000E-02 
2.704488E+03 1.893100E+02 5.758113E-05 2.715754E-01 5.778201E-03 5.778201E+00 1.893100E+02 1.000000E-02 
2.711000E+03 1.895800E+02 5.802701E-05 2.736784E-01 5.822945E-03 5.822945E+00 1.895800E+02 1.000000E-02 
2.717398E+03 1.897100E+02 5.787592E-05 2.729658E-01 5.807783E-03 5.807783E+00 1.897100E+02 1.000000E-02 
2.723789E+03 1.899400E+02 5.851396E-05 2.759751E-01 5.871810E-03 5.871810E+00 1.899400E+02 1.000000E-02 
2.730199E+03 1.901700E+02 5.826487E-05 2.748002E-01 5.846814E-03 5.846814E+00 1.901700E+02 1.000000E-02 
2.736590E+03 1.903900E+02 5.780100E-05 2.726124E-01 5.800265E-03 5.800265E+00 1.903900E+02 1.000000E-02 
2.743000E+03 1.905800E+02 5.792854E-05 2.732140E-01 5.813063E-03 5.813063E+00 1.905800E+02 1.000000E-02 
2.749391E+03 1.908600E+02 5.763162E-05 2.718136E-01 5.783267E-03 5.783267E+00 1.908600E+02 1.000000E-02 
2.755961E+03 1.909800E+02 5.815808E-05 2.742966E-01 5.836097E-03 5.836097E+00 1.909800E+02 1.000000E-02 
2.762398E+03 1.912500E+02 5.771499E-05 2.722068E-01 5.791634E-03 5.791634E+00 1.912500E+02 1.000000E-02 
2.768801E+03 1.915300E+02 5.767278E-05 2.720077E-01 5.787398E-03 5.787398E+00 1.915300E+02 1.000000E-02 
2.775078E+03 1.916600E+02 5.770406E-05 2.721552E-01 5.790537E-03 5.790537E+00 1.916600E+02 1.000000E-02 
2.781012E+03 1.918400E+02 5.803173E-05 2.737007E-01 5.823419E-03 5.823419E+00 1.918400E+02 1.000000E-02 
2.787559E+03 1.921100E+02 5.766889E-05 2.719894E-01 5.787008E-03 5.787008E+00 1.921100E+02 1.000000E-02 
2.793980E+03 1.922800E+02 5.773706E-05 2.723109E-01 5.793848E-03 5.793848E+00 1.922800E+02 1.000000E-02 
2.800609E+03 1.925300E+02 5.734174E-05 2.704464E-01 5.754179E-03 5.754179E+00 1.925300E+02 1.000000E-02 
2.806969E+03 1.927200E+02 5.783814E-05 2.727876E-01 5.803991E-03 5.803991E+00 1.927200E+02 1.000000E-02 
2.813379E+03 1.929600E+02 5.728534E-05 2.701804E-01 5.748518E-03 5.748518E+00 1.929600E+02 1.000000E-02 
2.819781E+03 1.931300E+02 5.750767E-05 2.712290E-01 5.770829E-03 5.770829E+00 1.931300E+02 1.000000E-02 
2.826379E+03 1.933500E+02 5.752011E-05 2.712876E-01 5.772077E-03 5.772077E+00 1.933500E+02 1.000000E-02 
2.832840E+03 1.936600E+02 5.737010E-05 2.705801E-01 5.757024E-03 5.757024E+00 1.936600E+02 1.000000E-02 
2.839230E+03 1.937500E+02 5.774363E-05 2.723418E-01 5.794507E-03 5.794507E+00 1.937500E+02 1.000000E-02 
2.845480E+03 1.940300E+02 5.763739E-05 2.718408E-01 5.783847E-03 5.783847E+00 1.940300E+02 1.000000E-02 
2.851398E+03 1.941800E+02 5.763524E-05 2.718307E-01 5.783631E-03 5.783631E+00 1.941800E+02 1.000000E-02 
2.857949E+03 1.944500E+02 5.800792E-05 2.735884E-01 5.821029E-03 5.821029E+00 1.944500E+02 1.000000E-02 
2.864609E+03 1.946700E+02 5.794997E-05 2.733150E-01 5.815214E-03 5.815214E+00 1.946700E+02 1.000000E-02 
2.871238E+03 1.948900E+02 5.779977E-05 2.726066E-01 5.800141E-03 5.800141E+00 1.948900E+02 1.000000E-02 
2.877500E+03 1.950900E+02 5.772627E-05 2.722600E-01 5.792766E-03 5.792766E+00 1.950900E+02 1.000000E-02 
2.884059E+03 1.953200E+02 5.765571E-05 2.719272E-01 5.785685E-03 5.785685E+00 1.953200E+02 1.000000E-02 
2.890469E+03 1.955100E+02 5.749916E-05 2.711889E-01 5.769976E-03 5.769976E+00 1.955100E+02 1.000000E-02 
2.896430E+03 1.957400E+02 5.740048E-05 2.707234E-01 5.760073E-03 5.760073E+00 1.957400E+02 1.000000E-02 
2.902969E+03 1.959800E+02 5.776838E-05 2.724586E-01 5.796991E-03 5.796991E+00 1.959800E+02 1.000000E-02 
2.909668E+03 1.961700E+02 5.724526E-05 2.699914E-01 5.744497E-03 5.744497E+00 1.961700E+02 1.000000E-02 
2.915762E+03 1.964100E+02 5.786777E-05 2.729274E-01 5.806965E-03 5.806965E+00 1.964100E+02 1.000000E-02 
2.922660E+03 1.966400E+02 5.747249E-05 2.710630E-01 5.767299E-03 5.767299E+00 1.966400E+02 1.000000E-02 
2.929012E+03 1.968400E+02 5.706401E-05 2.691365E-01 5.726309E-03 5.726309E+00 1.968400E+02 1.000000E-02 
2.935469E+03 1.970000E+02 5.787359E-05 2.729548E-01 5.807549E-03 5.807549E+00 1.970000E+02 1.000000E-02 
2.941871E+03 1.972600E+02 5.731185E-05 2.703054E-01 5.751179E-03 5.751179E+00 1.972600E+02 1.000000E-02 
2.948352E+03 1.974200E+02 5.748939E-05 2.711427E-01 5.768995E-03 5.768995E+00 1.974200E+02 1.000000E-02 
2.954711E+03 1.976800E+02 5.774582E-05 2.723522E-01 5.794727E-03 5.794727E+00 1.976800E+02 1.000000E-02 
2.961109E+03 1.979200E+02 5.758067E-05 2.715733E-01 5.778155E-03 5.778155E+00 1.979200E+02 1.000000E-02 
2.967219E+03 1.980600E+02 5.730210E-05 2.702594E-01 5.750200E-03 5.750200E+00 1.980600E+02 1.000000E-02 
2.973859E+03 1.982900E+02 5.761105E-05 2.717165E-01 5.781203E-03 5.781203E+00 1.982900E+02 1.000000E-02 
2.980168E+03 1.985500E+02 5.764974E-05 2.718990E-01 5.785086E-03 5.785086E+00 1.985500E+02 1.000000E-02 
2.986418E+03 1.987500E+02 5.716850E-05 2.696293E-01 5.736794E-03 5.736794E+00 1.987500E+02 1.000000E-02 
2.992781E+03 1.989600E+02 5.809865E-05 2.740163E-01 5.830133E-03 5.830133E+00 1.989600E+02 1.000000E-02 
2.999160E+03 1.991800E+02 5.757240E-05 2.715343E-01 5.777325E-03 5.777325E+00 1.991800E+02 1.000000E-02 
3.005191E+03 1.994000E+02 5.703052E-05 2.689785E-01 5.722948E-03 5.722948E+00 1.994000E+02 1.000000E-02 
3.011738E+03 1.995900E+02 5.794100E-05 2.732727E-01 5.814313E-03 5.814313E+00 1.995900E+02 1.000000E-02 
3.018199E+03 1.997900E+02 5.729947E-05 2.702470E-01 5.749937E-03 5.749937E+00 1.997900E+02 1.000000E-02 
3.024801E+03 2.001000E+02 5.802943E-05 2.736898E-01 5.823187E-03 5.823187E+00 2.001000E+02 1.000000E-02 
3.031281E+03 2.003000E+02 5.772222E-05 2.722409E-01 5.792359E-03 5.792359E+00 2.003000E+02 1.000000E-02 
3.037789E+03 2.005000E+02 5.746954E-05 2.710491E-01 5.767003E-03 5.767003E+00 2.005000E+02 1.000000E-02 
3.044289E+03 2.007000E+02 5.807711E-05 2.739147E-01 5.827972E-03 5.827972E+00 2.007000E+02 1.000000E-02 
3.050730E+03 2.009000E+02 5.781041E-05 2.726568E-01 5.801209E-03 5.801209E+00 2.009000E+02 1.000000E-02 
3.057059E+03 2.011000E+02 5.760497E-05 2.716879E-01 5.780593E-03 5.780593E+00 2.011000E+02 1.000000E-02 
3.063551E+03 2.013000E+02 5.728127E-05 2.701612E-01 5.748110E-03 5.748110E+00 2.013000E+02 1.000000E-02 
3.069898E+03 2.015000E+02 5.759978E-05 2.716634E-01 5.780072E-03 5.780072E+00 2.015000E+02 1.000000E-02 
3.076281E+03 2.017000E+02 5.761678E-05 2.717436E-01 5.781778E-03 5.781778E+00 2.017000E+02 1.000000E-02 
3.082852E+03 2.020000E+02 5.736329E-05 2.705480E-01 5.756341E-03 5.756341E+00 2.020000E+02 1.000000E-02 
3.089070E+03 2.021000E+02 5.813131E-05 2.741703E-01 5.833411E-03 5.833411E+00 2.021000E+02 1.000000E-02 
3.095539E+03 2.024000E+02 5.772148E-05 2.722374E-01 5.792285E-03 5.792285E+00 2.024000E+02 1.000000E-02 
3.101871E+03 2.026000E+02 5.732400E-05 2.703627E-01 5.752398E-03 5.752398E+00 2.026000E+02 1.000000E-02 
3.108379E+03 2.028000E+02 5.741893E-05 2.708105E-01 5.761925E-03 5.761925E+00 2.028000E+02 1.000000E-02 
3.115000E+03 2.030000E+02 5.748812E-05 2.711368E-01 5.768867E-03 5.768867E+00 2.030000E+02 1.000000E-02 
3.121641E+03 2.032000E+02 5.795305E-05 2.733296E-01 5.815523E-03 5.815523E+00 2.032000E+02 1.000000E-02 
3.128031E+03 2.035000E+02 5.795572E-05 2.733422E-01 5.815791E-03 5.815791E+00 2.035000E+02 1.000000E-02 
3.134430E+03 2.036000E+02 5.739240E-05 2.706853E-01 5.759262E-03 5.759262E+00 2.036000E+02 1.000000E-02 
3.140820E+03 2.039000E+02 5.768239E-05 2.720530E-01 5.788363E-03 5.788363E+00 2.039000E+02 1.000000E-02 
3.147191E+03 2.041000E+02 5.719785E-05 2.697677E-01 5.739739E-03 5.739739E+00 2.041000E+02 1.000000E-02 
3.153629E+03 2.042000E+02 5.742631E-05 2.708453E-01 5.762665E-03 5.762665E+00 2.042000E+02 1.000000E-02 
3.160230E+03 2.045000E+02 5.754219E-05 2.713918E-01 5.774293E-03 5.774293E+00 2.045000E+02 1.000000E-02 
3.166699E+03 2.048000E+02 5.779247E-05 2.725722E-01 5.799409E-03 5.799409E+00 2.048000E+02 1.000000E-02 
3.173039E+03 2.050000E+02 5.736701E-05 2.705656E-01 5.756714E-03 5.756714E+00 2.050000E+02 1.000000E-02 
3.179461E+03 2.052000E+02 5.692737E-05 2.684921E-01 5.712597E-03 5.712597E+00 2.052000E+02 1.000000E-02 
3.186102E+03 2.054000E+02 5.739972E-05 2.707198E-01 5.759997E-03 5.759997E+00 2.054000E+02 1.000000E-02 
3.192551E+03 2.056000E+02 5.741087E-05 2.707724E-01 5.761116E-03 5.761116E+00 2.056000E+02 1.000000E-02 
3.199031E+03 2.058000E+02 5.757052E-05 2.715254E-01 5.777137E-03 5.777137E+00 2.058000E+02 1.000000E-02 
