Wed Jun 14 19:42:14 2023

        Time,      Tsample,     Integral,       Moment,            M,      M(Mass), Tsample(Aver),            H
           s,            K,           Vs,          emu,     emu/cm^3,        emu/g,            K,            T

         6:0          6:0          6:0          6:0          6:0          6:0          6:0          6:0 
7.265625E+00 1.000200E+02 6.869770E-06 3.240056E-02 6.893736E-04 6.893736E-01 1.000200E+02 0.000000E+00 
1.018281E+02 1.000100E+02 5.531177E-05 2.608722E-01 5.550473E-03 5.550473E+00 1.000100E+02 1.000000E-02 
1.818984E+02 1.000100E+02 1.057875E-04 4.989359E-01 1.061566E-02 1.061566E+01 1.000100E+02 2.000000E-02 
2.515469E+02 9.999000E+01 1.523967E-04 7.187634E-01 1.529284E-02 1.529284E+01 9.999000E+01 3.000000E-02 
3.214297E+02 9.999000E+01 1.983446E-04 9.354717E-01 1.990365E-02 1.990365E+01 9.999000E+01 4.000000E-02 
3.824766E+02 9.999000E+01 2.410925E-04 1.137088E+00 2.419336E-02 2.419336E+01 9.999000E+01 4.990000E-02 
4.513672E+02 9.997000E+01 3.364970E-04 1.587053E+00 3.376709E-02 3.376709E+01 9.997000E+01 7.490000E-02 
5.153672E+02 9.997000E+01 4.145024E-04 1.954957E+00 4.159484E-02 4.159484E+01 9.997000E+01 9.980000E-02 
5.866094E+02 1.000000E+02 6.091926E-04 2.873194E+00 6.113179E-02 6.113179E+01 1.000000E+02 1.997000E-01 
6.520156E+02 9.999000E+01 6.859623E-04 3.235270E+00 6.883554E-02 6.883554E+01 9.999000E+01 2.995000E-01 
7.142344E+02 1.000100E+02 7.109740E-04 3.353235E+00 7.134544E-02 7.134544E+01 1.000100E+02 3.994000E-01 
7.748203E+02 9.998000E+01 7.255615E-04 3.422036E+00 7.280927E-02 7.280927E+01 9.998000E+01 4.990000E-01 
8.414375E+02 9.999000E+01 7.463584E-04 3.520122E+00 7.489621E-02 7.489621E+01 9.999000E+01 7.486000E-01 
9.054375E+02 9.999000E+01 7.502862E-04 3.538647E+00 7.529037E-02 7.529037E+01 9.999000E+01 9.980000E-01 
9.688984E+02 9.999000E+01 7.547650E-04 3.559771E+00 7.573981E-02 7.573981E+01 9.999000E+01 1.247600E+00 
1.034953E+03 9.997000E+01 7.588959E-04 3.579254E+00 7.615434E-02 7.615434E+01 9.997000E+01 1.496300E+00 
1.101188E+03 1.000000E+02 7.518197E-04 3.545880E+00 7.544425E-02 7.544425E+01 1.000000E+02 1.252600E+00 
1.165828E+03 1.000100E+02 7.513291E-04 3.543566E+00 7.539502E-02 7.539502E+01 1.000100E+02 1.001900E+00 
1.231898E+03 1.000000E+02 7.448904E-04 3.513199E+00 7.474891E-02 7.474891E+01 1.000000E+02 7.513000E-01 
1.301328E+03 1.000100E+02 7.256559E-04 3.422481E+00 7.281875E-02 7.281875E+01 1.000100E+02 5.008000E-01 
1.362750E+03 1.000100E+02 7.107157E-04 3.352017E+00 7.131951E-02 7.131951E+01 1.000100E+02 4.006000E-01 
1.427164E+03 1.000000E+02 6.824014E-04 3.218476E+00 6.847821E-02 6.847821E+01 1.000000E+02 3.004000E-01 
1.495391E+03 1.000200E+02 6.103635E-04 2.878716E+00 6.124928E-02 6.124928E+01 1.000200E+02 2.002000E-01 
1.569406E+03 9.999000E+01 4.165719E-04 1.964718E+00 4.180252E-02 4.180252E+01 9.999000E+01 1.000000E-01 
1.631828E+03 9.997000E+01 3.430491E-04 1.617956E+00 3.442459E-02 3.442459E+01 9.997000E+01 7.500000E-02 
1.696234E+03 9.997000E+01 2.499946E-04 1.179074E+00 2.508668E-02 2.508668E+01 9.997000E+01 5.010000E-02 
1.758648E+03 1.000000E+02 2.079865E-04 9.809468E-01 2.087121E-02 2.087121E+01 1.000000E+02 4.000000E-02 
1.820867E+03 1.000200E+02 1.631878E-04 7.696582E-01 1.637571E-02 1.637571E+01 1.000200E+02 3.000000E-02 
1.891328E+03 1.000100E+02 1.140583E-04 5.379443E-01 1.144562E-02 1.144562E+01 1.000100E+02 2.000000E-02 
1.978414E+03 1.000200E+02 6.516962E-05 3.073658E-01 6.539698E-03 6.539698E+00 1.000200E+02 1.000000E-02 
2.047039E+03 9.997000E+01 9.678267E-06 4.564655E-02 9.712031E-04 9.712031E-01 9.997000E+01 0.000000E+00 
2.114438E+03 9.998000E+01 -4.527763E-05 -2.135473E-01 -4.543559E-03 -4.543559E+00 9.998000E+01 -1.000000E-02 
2.178070E+03 9.999000E+01 -9.875665E-05 -4.657755E-01 -9.910118E-03 -9.910118E+00 9.999000E+01 -2.000000E-02 
2.241695E+03 9.998000E+01 -1.484450E-04 -7.001255E-01 -1.489629E-02 -1.489629E+01 9.998000E+01 -3.000000E-02 
2.297297E+03 9.996000E+01 -1.951401E-04 -9.203580E-01 -1.958209E-02 -1.958209E+01 9.996000E+01 -3.990000E-02 
2.353930E+03 9.998000E+01 -2.388023E-04 -1.126286E+00 -2.396354E-02 -2.396354E+01 9.998000E+01 -5.000000E-02 
2.418141E+03 9.999000E+01 -3.354001E-04 -1.581880E+00 -3.365702E-02 -3.365702E+01 9.999000E+01 -7.490000E-02 
2.477547E+03 1.000000E+02 -4.143845E-04 -1.954402E+00 -4.158302E-02 -4.158302E+01 1.000000E+02 -9.980000E-02 
2.545977E+03 1.000000E+02 -6.076820E-04 -2.866069E+00 -6.098020E-02 -6.098020E+01 1.000000E+02 -1.997000E-01 
2.610008E+03 1.000100E+02 -6.819216E-04 -3.216213E+00 -6.843006E-02 -6.843006E+01 1.000100E+02 -2.995000E-01 
2.670219E+03 9.997000E+01 -7.102719E-04 -3.349924E+00 -7.127498E-02 -7.127498E+01 9.997000E+01 -3.993000E-01 
2.728648E+03 9.999000E+01 -7.247580E-04 -3.418246E+00 -7.272864E-02 -7.272864E+01 9.999000E+01 -4.992000E-01 
2.793867E+03 9.999000E+01 -7.403280E-04 -3.491680E+00 -7.429107E-02 -7.429107E+01 9.999000E+01 -7.486000E-01 
2.856289E+03 9.996000E+01 -7.486282E-04 -3.530828E+00 -7.512399E-02 -7.512399E+01 9.996000E+01 -9.982000E-01 
2.918508E+03 9.999000E+01 -7.550751E-04 -3.561234E+00 -7.577093E-02 -7.577093E+01 9.999000E+01 -1.247400E+00 
2.983320E+03 1.000000E+02 -7.547806E-04 -3.559844E+00 -7.574137E-02 -7.574137E+01 1.000000E+02 -1.496400E+00 
3.049930E+03 9.997000E+01 -7.519342E-04 -3.546420E+00 -7.545574E-02 -7.545574E+01 9.997000E+01 -1.252600E+00 
3.113945E+03 9.996000E+01 -7.499343E-04 -3.536988E+00 -7.525506E-02 -7.525506E+01 9.996000E+01 -1.002000E+00 
3.179953E+03 1.000100E+02 -7.397289E-04 -3.488855E+00 -7.423096E-02 -7.423096E+01 1.000100E+02 -7.514000E-01 
3.250008E+03 1.000100E+02 -7.258526E-04 -3.423409E+00 -7.283848E-02 -7.283848E+01 1.000100E+02 -5.008000E-01 
3.310406E+03 9.997000E+01 -7.145587E-04 -3.370142E+00 -7.170516E-02 -7.170516E+01 9.997000E+01 -4.006000E-01 
3.374406E+03 1.000000E+02 -6.830465E-04 -3.221518E+00 -6.854294E-02 -6.854294E+01 1.000000E+02 -3.004000E-01 
3.442023E+03 9.999000E+01 -6.093514E-04 -2.873943E+00 -6.114772E-02 -6.114772E+01 9.999000E+01 -2.003000E-01 
3.514836E+03 9.998000E+01 -4.209229E-04 -1.985239E+00 -4.223913E-02 -4.223913E+01 9.998000E+01 -1.001000E-01 
3.576859E+03 1.000000E+02 -3.429446E-04 -1.617463E+00 -3.441410E-02 -3.441410E+01 1.000000E+02 -7.500000E-02 
3.641891E+03 1.000000E+02 -2.492347E-04 -1.175490E+00 -2.501042E-02 -2.501042E+01 1.000000E+02 -5.000000E-02 
3.696500E+03 9.998000E+01 -2.086001E-04 -9.838407E-01 -2.093278E-02 -2.093278E+01 9.998000E+01 -4.000000E-02 
3.758703E+03 9.999000E+01 -1.637264E-04 -7.721986E-01 -1.642976E-02 -1.642976E+01 9.999000E+01 -3.000000E-02 
3.824117E+03 9.999000E+01 -1.156463E-04 -5.454336E-01 -1.160497E-02 -1.160497E+01 9.999000E+01 -2.000000E-02 
3.891750E+03 9.998000E+01 -6.534540E-05 -3.081948E-01 -6.557337E-03 -6.557337E+00 9.998000E+01 -1.000000E-02 
3.974086E+03 1.000000E+02 -1.060496E-05 -5.001720E-02 -1.064196E-03 -1.064196E+00 1.000000E+02 0.000000E+00 
4.044508E+03 1.000000E+02 4.433918E-05 2.091212E-01 4.449386E-03 4.449386E+00 1.000000E+02 1.000000E-02 
4.110547E+03 1.000100E+02 9.888351E-05 4.663739E-01 9.922848E-03 9.922848E+00 1.000100E+02 2.000000E-02 
4.173977E+03 9.999000E+01 1.481859E-04 6.989035E-01 1.487029E-02 1.487029E+01 9.999000E+01 3.000000E-02 
4.237797E+03 9.997000E+01 1.952201E-04 9.207355E-01 1.959012E-02 1.959012E+01 9.997000E+01 4.000000E-02 
4.293625E+03 9.999000E+01 2.376059E-04 1.120644E+00 2.384349E-02 2.384349E+01 9.999000E+01 5.000000E-02 
4.357844E+03 9.999000E+01 3.335299E-04 1.573059E+00 3.346934E-02 3.346934E+01 9.999000E+01 7.490000E-02 
4.418867E+03 1.000100E+02 4.151246E-04 1.957892E+00 4.165728E-02 4.165728E+01 1.000100E+02 9.990000E-02 
4.488297E+03 1.000300E+02 6.030540E-04 2.844242E+00 6.051578E-02 6.051578E+01 1.000300E+02 1.998000E-01 
4.552914E+03 1.000300E+02 6.798091E-04 3.206249E+00 6.821807E-02 6.821807E+01 1.000300E+02 2.996000E-01 
4.614156E+03 9.999000E+01 7.119033E-04 3.357618E+00 7.143869E-02 7.143869E+01 9.999000E+01 3.994000E-01 
4.672578E+03 9.999000E+01 7.277633E-04 3.432420E+00 7.303022E-02 7.303022E+01 9.999000E+01 4.992000E-01 
4.738008E+03 9.998000E+01 7.366478E-04 3.474323E+00 7.392177E-02 7.392177E+01 9.998000E+01 7.488000E-01 
4.800828E+03 9.998000E+01 7.485113E-04 3.530276E+00 7.511226E-02 7.511226E+01 9.998000E+01 9.982000E-01 
4.862656E+03 9.999000E+01 7.527606E-04 3.550318E+00 7.553867E-02 7.553867E+01 9.999000E+01 1.247600E+00 
4.928086E+03 1.000100E+02 7.559103E-04 3.565173E+00 7.585474E-02 7.585474E+01 1.000100E+02 1.496500E+00 
