Tue Jun 13 22:19:46 2023

        Time,      Tsample,     Integral,       Moment,            M,      M(Mass), Tsample(Aver),            H
           s,            K,           Vs,          emu,     emu/cm^3,        emu/g,            K,            T

         6:0          6:0          6:0          6:0          6:0          6:0          6:0          6:0 
7.281250E+00 1.168700E+02 1.344396E-06 6.340703E-03 1.349086E-04 1.349086E-01 1.168700E+02 0.000000E+00 
9.139062E+01 1.148600E+02 1.871873E-05 8.828494E-02 1.878403E-03 1.878403E+00 1.148600E+02 5.000000E-03 
1.586250E+02 1.132900E+02 3.676067E-05 1.733779E-01 3.688892E-03 3.688892E+00 1.132900E+02 1.000000E-02 
2.286406E+02 1.116200E+02 5.514335E-05 2.600779E-01 5.533572E-03 5.533572E+00 1.116200E+02 1.500000E-02 
2.954453E+02 1.100300E+02 7.275745E-05 3.431530E-01 7.301127E-03 7.301127E+00 1.100300E+02 2.000000E-02 
3.588672E+02 1.085200E+02 8.994110E-05 4.241979E-01 9.025487E-03 9.025487E+00 1.085200E+02 2.500000E-02 
4.216875E+02 1.071100E+02 1.077980E-04 5.084182E-01 1.081741E-02 1.081741E+01 1.071100E+02 3.000000E-02 
4.833203E+02 1.056000E+02 1.246829E-04 5.880542E-01 1.251179E-02 1.251179E+01 1.056000E+02 3.500000E-02 
5.437266E+02 1.042200E+02 1.412559E-04 6.662188E-01 1.417487E-02 1.417487E+01 1.042200E+02 4.000000E-02 
5.941484E+02 1.030400E+02 1.579126E-04 7.447785E-01 1.584635E-02 1.584635E+01 1.030400E+02 4.490000E-02 
6.449609E+02 1.018900E+02 1.742697E-04 8.219250E-01 1.748777E-02 1.748777E+01 1.018900E+02 4.990000E-02 
7.143750E+02 1.002800E+02 2.511740E-04 1.184636E+00 2.520503E-02 2.520503E+01 1.002800E+02 7.490000E-02 
7.790000E+02 9.899000E+01 3.197034E-04 1.507848E+00 3.208187E-02 3.208187E+01 9.899000E+01 9.980000E-02 
8.516406E+02 9.837000E+01 5.303522E-04 2.501351E+00 5.322024E-02 5.322024E+01 9.837000E+01 1.996000E-01 
9.184688E+02 9.875000E+01 6.371931E-04 3.005255E+00 6.394160E-02 6.394160E+01 9.875000E+01 2.994000E-01 
9.818906E+02 9.956000E+01 6.836172E-04 3.224210E+00 6.860021E-02 6.860021E+01 9.956000E+01 3.992000E-01 
1.042117E+03 1.001300E+02 7.055036E-04 3.327435E+00 7.079648E-02 7.079648E+01 1.001300E+02 4.990000E-01 
1.108750E+03 1.003800E+02 7.249547E-04 3.419174E+00 7.274838E-02 7.274838E+01 1.003800E+02 7.485000E-01 
1.173367E+03 1.002700E+02 7.310925E-04 3.448122E+00 7.336430E-02 7.336430E+01 1.002700E+02 9.980000E-01 
1.236602E+03 1.000200E+02 7.425423E-04 3.502124E+00 7.451328E-02 7.451328E+01 1.000200E+02 1.247200E+00 
1.302227E+03 9.986000E+01 7.426116E-04 3.502451E+00 7.452023E-02 7.452023E+01 9.986000E+01 1.496600E+00 
1.369250E+03 9.974000E+01 7.359634E-04 3.471095E+00 7.385309E-02 7.385309E+01 9.974000E+01 1.252600E+00 
1.433484E+03 9.984000E+01 7.363201E-04 3.472777E+00 7.388888E-02 7.388888E+01 9.984000E+01 1.001900E+00 
1.499938E+03 9.989000E+01 7.256799E-04 3.422594E+00 7.282115E-02 7.282115E+01 9.989000E+01 7.514000E-01 
1.569375E+03 9.997000E+01 7.074773E-04 3.336744E+00 7.099455E-02 7.099455E+01 9.997000E+01 5.008000E-01 
1.630625E+03 9.999000E+01 6.822049E-04 3.217549E+00 6.845848E-02 6.845848E+01 9.999000E+01 4.006000E-01 
1.694648E+03 9.999000E+01 6.376368E-04 3.007348E+00 6.398613E-02 6.398613E+01 9.999000E+01 3.004000E-01 
1.763281E+03 9.996000E+01 5.285905E-04 2.493042E+00 5.304345E-02 5.304345E+01 9.996000E+01 2.002000E-01 
1.836688E+03 9.996000E+01 3.268991E-04 1.541786E+00 3.280396E-02 3.280396E+01 9.996000E+01 1.001000E-01 
1.898719E+03 9.993000E+01 2.565168E-04 1.209835E+00 2.574116E-02 2.574116E+01 9.993000E+01 7.500000E-02 
1.963531E+03 9.996000E+01 1.816908E-04 8.569256E-01 1.823246E-02 1.823246E+01 9.996000E+01 5.000000E-02 
2.011539E+03 9.995000E+01 1.655481E-04 7.807907E-01 1.661257E-02 1.661257E+01 9.995000E+01 4.500000E-02 
2.066961E+03 9.996000E+01 1.493273E-04 7.042868E-01 1.498483E-02 1.498483E+01 9.996000E+01 4.000000E-02 
2.121781E+03 9.996000E+01 1.321221E-04 6.231404E-01 1.325831E-02 1.325831E+01 9.996000E+01 3.500000E-02 
2.177008E+03 9.997000E+01 1.154481E-04 5.444990E-01 1.158508E-02 1.158508E+01 9.997000E+01 3.000000E-02 
2.232836E+03 9.996000E+01 9.815161E-05 4.629219E-01 9.849403E-03 9.849403E+00 9.996000E+01 2.500000E-02 
2.294656E+03 9.996000E+01 8.009597E-05 3.777644E-01 8.037540E-03 8.037540E+00 9.996000E+01 2.000000E-02 
2.356078E+03 9.997000E+01 6.215974E-05 2.931700E-01 6.237660E-03 6.237660E+00 9.997000E+01 1.500000E-02 
2.435234E+03 9.997000E+01 4.473734E-05 2.109990E-01 4.489341E-03 4.489341E+00 9.997000E+01 1.000000E-02 
2.497078E+03 9.998000E+01 2.673026E-05 1.260705E-01 2.682351E-03 2.682351E+00 9.998000E+01 5.000000E-03 
2.559500E+03 9.994000E+01 7.625118E-06 3.596308E-02 7.651719E-04 7.651719E-01 9.994000E+01 0.000000E+00 
2.618734E+03 9.998000E+01 -1.968696E-05 -9.285151E-02 -1.975564E-03 -1.975564E+00 9.998000E+01 -5.000000E-03 
2.682781E+03 9.999000E+01 -4.767116E-05 -2.248361E-01 -4.783746E-03 -4.783746E+00 9.999000E+01 -1.000000E-02 
2.742852E+03 9.999000E+01 -7.479851E-05 -3.527794E-01 -7.505946E-03 -7.505946E+00 9.999000E+01 -1.500000E-02 
2.800539E+03 9.998000E+01 -1.000862E-04 -4.720464E-01 -1.004354E-02 -1.004354E+01 9.998000E+01 -2.000000E-02 
2.856758E+03 9.997000E+01 -1.252180E-04 -5.905776E-01 -1.256548E-02 -1.256548E+01 9.997000E+01 -2.500000E-02 
2.914375E+03 9.997000E+01 -1.506184E-04 -7.103763E-01 -1.511439E-02 -1.511439E+01 9.997000E+01 -3.000000E-02 
2.971578E+03 9.998000E+01 -1.742245E-04 -8.217119E-01 -1.748323E-02 -1.748323E+01 9.998000E+01 -3.500000E-02 
3.020406E+03 9.999000E+01 -1.964635E-04 -9.265999E-01 -1.971489E-02 -1.971489E+01 9.999000E+01 -3.990000E-02 
3.068430E+03 9.998000E+01 -2.183651E-04 -1.029896E+00 -2.191268E-02 -2.191268E+01 9.998000E+01 -4.490000E-02 
3.116641E+03 1.000000E+02 -2.391749E-04 -1.128043E+00 -2.400092E-02 -2.400092E+01 1.000000E+02 -5.000000E-02 
3.181867E+03 1.000000E+02 -3.350683E-04 -1.580315E+00 -3.362372E-02 -3.362372E+01 1.000000E+02 -7.490000E-02 
3.241680E+03 9.999000E+01 -4.135576E-04 -1.950501E+00 -4.150003E-02 -4.150003E+01 9.999000E+01 -9.980000E-02 
3.310102E+03 9.998000E+01 -6.058792E-04 -2.857567E+00 -6.079929E-02 -6.079929E+01 9.998000E+01 -1.998000E-01 
3.375141E+03 9.998000E+01 -6.825342E-04 -3.219102E+00 -6.849153E-02 -6.849153E+01 9.998000E+01 -2.996000E-01 
3.435750E+03 9.997000E+01 -7.112823E-04 -3.354690E+00 -7.137638E-02 -7.137638E+01 9.997000E+01 -3.994000E-01 
3.494375E+03 9.997000E+01 -7.246719E-04 -3.417840E+00 -7.272000E-02 -7.272000E+01 9.997000E+01 -4.992000E-01 
3.559797E+03 1.000100E+02 -7.422101E-04 -3.500557E+00 -7.447994E-02 -7.447994E+01 1.000100E+02 -7.488000E-01 
3.622211E+03 9.999000E+01 -7.481747E-04 -3.528688E+00 -7.507848E-02 -7.507848E+01 9.999000E+01 -9.982000E-01 
3.684430E+03 9.997000E+01 -7.546179E-04 -3.559077E+00 -7.572505E-02 -7.572505E+01 9.997000E+01 -1.247500E+00 
3.749641E+03 9.997000E+01 -7.576760E-04 -3.573500E+00 -7.603192E-02 -7.603192E+01 9.997000E+01 -1.496400E+00 
3.816648E+03 9.994000E+01 -7.513368E-04 -3.543602E+00 -7.539579E-02 -7.539579E+01 9.994000E+01 -1.252600E+00 
3.881656E+03 9.998000E+01 -7.480991E-04 -3.528332E+00 -7.507090E-02 -7.507090E+01 9.998000E+01 -1.001800E+00 
3.947898E+03 9.998000E+01 -7.446067E-04 -3.511860E+00 -7.472043E-02 -7.472043E+01 9.998000E+01 -7.513000E-01 
4.017711E+03 9.998000E+01 -7.251412E-04 -3.420054E+00 -7.276710E-02 -7.276710E+01 9.998000E+01 -5.008000E-01 
4.078141E+03 9.996000E+01 -7.138278E-04 -3.366695E+00 -7.163180E-02 -7.163180E+01 9.996000E+01 -4.006000E-01 
4.141977E+03 9.997000E+01 -6.843243E-04 -3.227545E+00 -6.867117E-02 -6.867117E+01 9.997000E+01 -3.004000E-01 
4.208578E+03 1.000200E+02 -6.106044E-04 -2.879852E+00 -6.127345E-02 -6.127345E+01 1.000200E+02 -2.002000E-01 
4.282000E+03 9.998000E+01 -4.218830E-04 -1.989767E+00 -4.233548E-02 -4.233548E+01 9.998000E+01 -1.001000E-01 
4.343031E+03 1.000200E+02 -3.422294E-04 -1.614090E+00 -3.434233E-02 -3.434233E+01 1.000200E+02 -7.500000E-02 
4.407852E+03 9.997000E+01 -2.499016E-04 -1.178635E+00 -2.507734E-02 -2.507734E+01 9.997000E+01 -5.000000E-02 
4.455055E+03 9.997000E+01 -2.287382E-04 -1.078820E+00 -2.295362E-02 -2.295362E+01 9.997000E+01 -4.510000E-02 
4.502875E+03 9.999000E+01 -2.077335E-04 -9.797535E-01 -2.084582E-02 -2.084582E+01 9.999000E+01 -4.010000E-02 
4.557680E+03 9.999000E+01 -1.851576E-04 -8.732766E-01 -1.858035E-02 -1.858035E+01 9.999000E+01 -3.500000E-02 
4.613102E+03 1.000000E+02 -1.631502E-04 -7.694812E-01 -1.637194E-02 -1.637194E+01 1.000000E+02 -3.000000E-02 
4.668508E+03 9.998000E+01 -1.403226E-04 -6.618172E-01 -1.408122E-02 -1.408122E+01 9.998000E+01 -2.500000E-02 
4.724367E+03 9.999000E+01 -1.151684E-04 -5.431801E-01 -1.155702E-02 -1.155702E+01 9.999000E+01 -2.000000E-02 
4.784039E+03 1.000100E+02 -9.047324E-05 -4.267077E-01 -9.078886E-03 -9.078886E+00 1.000100E+02 -1.500000E-02 
4.844156E+03 9.999000E+01 -6.407637E-05 -3.022096E-01 -6.429991E-03 -6.429991E+00 9.999000E+01 -1.000000E-02 
4.919195E+03 9.998000E+01 -3.812483E-05 -1.798118E-01 -3.825783E-03 -3.825783E+00 9.998000E+01 -5.000000E-03 
4.981656E+03 9.997000E+01 -1.104481E-05 -5.209171E-02 -1.108334E-03 -1.108334E+00 9.997000E+01 0.000000E+00 
5.043859E+03 9.999000E+01 1.578461E-05 7.444648E-02 1.583968E-03 1.583968E+00 9.999000E+01 5.000000E-03 
5.104805E+03 9.994000E+01 4.265463E-05 2.011761E-01 4.280343E-03 4.280343E+00 9.994000E+01 1.000000E-02 
5.166977E+03 1.000000E+02 7.102767E-05 3.349947E-01 7.127546E-03 7.127546E+00 1.000000E+02 1.500000E-02 
5.229352E+03 1.000000E+02 9.678787E-05 4.564900E-01 9.712552E-03 9.712552E+00 1.000000E+02 2.000000E-02 
5.286219E+03 9.998000E+01 1.213977E-04 5.725599E-01 1.218212E-02 1.218212E+01 9.998000E+01 2.500000E-02 
5.342977E+03 9.999000E+01 1.462619E-04 6.898289E-01 1.467721E-02 1.467721E+01 9.999000E+01 3.000000E-02 
5.399406E+03 9.999000E+01 1.707392E-04 8.052737E-01 1.713348E-02 1.713348E+01 9.999000E+01 3.500000E-02 
5.455445E+03 9.999000E+01 1.953649E-04 9.214184E-01 1.960465E-02 1.960465E+01 9.999000E+01 4.000000E-02 
5.503445E+03 9.998000E+01 2.174891E-04 1.025765E+00 2.182478E-02 2.182478E+01 9.998000E+01 4.490000E-02 
5.551859E+03 1.000000E+02 2.384487E-04 1.124619E+00 2.392805E-02 2.392805E+01 1.000000E+02 5.000000E-02 
5.617281E+03 9.999000E+01 3.359356E-04 1.584406E+00 3.371076E-02 3.371076E+01 9.999000E+01 7.500000E-02 
5.678906E+03 1.000000E+02 4.163358E-04 1.963605E+00 4.177883E-02 4.177883E+01 1.000000E+02 9.990000E-02 
5.748516E+03 1.000100E+02 6.076812E-04 2.866065E+00 6.098011E-02 6.098011E+01 1.000100E+02 1.997000E-01 
5.812328E+03 1.000000E+02 6.803429E-04 3.208767E+00 6.827163E-02 6.827163E+01 1.000000E+02 2.996000E-01 
5.873164E+03 9.998000E+01 7.116298E-04 3.356328E+00 7.141124E-02 7.141124E+01 9.998000E+01 3.994000E-01 
5.931781E+03 1.000000E+02 7.273991E-04 3.430702E+00 7.299367E-02 7.299367E+01 1.000000E+02 4.992000E-01 
5.996836E+03 9.998000E+01 7.382954E-04 3.482094E+00 7.408711E-02 7.408711E+01 9.998000E+01 7.488000E-01 
6.059278E+03 1.000000E+02 7.494274E-04 3.534597E+00 7.520419E-02 7.520419E+01 1.000000E+02 9.981000E-01 
6.120698E+03 9.999000E+01 7.557512E-04 3.564422E+00 7.583877E-02 7.583877E+01 9.999000E+01 1.247700E+00 
6.186808E+03 9.999000E+01 7.595961E-04 3.582557E+00 7.622461E-02 7.622461E+01 9.999000E+01 1.496400E+00 
