Tue Jun 13 19:03:34 2023

        Time,      Tsample,     Integral,       Moment,            M,      M(Mass), Tsample(Aver),            H
           s,            K,           Vs,          emu,     emu/cm^3,        emu/g,            K,            T

         6:0          6:0          6:0          6:0          6:0          6:0          6:0          6:0 
7.367188E+00 3.400000E+02 -1.124934E-06 -5.305634E-03 -1.128858E-04 -1.128858E-01 3.400000E+02 0.000000E+00 
6.898438E+01 3.400000E+02 -8.818238E-07 -4.159031E-03 -8.849002E-05 -8.849002E-02 3.400000E+02 5.000000E-03 
1.305938E+02 3.400000E+02 -7.024720E-07 -3.313136E-03 -7.049227E-05 -7.049227E-02 3.400000E+02 1.000000E-02 
1.894062E+02 3.400000E+02 -7.832819E-07 -3.694268E-03 -7.860145E-05 -7.860145E-02 3.400000E+02 1.500000E-02 
2.466250E+02 3.400000E+02 -4.726069E-07 -2.229001E-03 -4.742556E-05 -4.742556E-02 3.400000E+02 2.000000E-02 
3.014453E+02 3.400000E+02 1.892315E-06 8.924909E-03 1.898917E-04 1.898917E-01 3.400000E+02 2.500000E-02 
3.548594E+02 3.400000E+02 2.276294E-06 1.073591E-02 2.284235E-04 2.284235E-01 3.400000E+02 3.000000E-02 
4.094688E+02 3.400000E+02 2.743934E-06 1.294148E-02 2.753506E-04 2.753506E-01 3.400000E+02 3.500000E-02 
4.640859E+02 3.400000E+02 3.288053E-06 1.550776E-02 3.299523E-04 3.299523E-01 3.400000E+02 4.000000E-02 
5.118984E+02 3.400000E+02 3.726225E-06 1.757435E-02 3.739224E-04 3.739224E-01 3.400000E+02 4.490000E-02 
5.599141E+02 3.400000E+02 3.697507E-06 1.743891E-02 3.710406E-04 3.710406E-01 3.400000E+02 5.000000E-02 
6.209297E+02 3.400000E+02 6.167207E-06 2.908699E-02 6.188722E-04 6.188722E-01 3.400000E+02 7.490000E-02 
6.795391E+02 3.400000E+02 8.430174E-06 3.976004E-02 8.459583E-04 8.459583E-01 3.400000E+02 9.990000E-02 
7.455547E+02 3.400000E+02 1.614538E-05 7.614802E-02 1.620171E-03 1.620171E+00 3.400000E+02 1.998000E-01 
8.079766E+02 3.400000E+02 2.394032E-05 1.129120E-01 2.402384E-03 2.402384E+00 3.400000E+02 2.996000E-01 
8.675938E+02 3.400000E+02 3.168933E-05 1.494595E-01 3.179989E-03 3.179989E+00 3.400000E+02 3.994000E-01 
9.254062E+02 3.400000E+02 3.912041E-05 1.845074E-01 3.925689E-03 3.925689E+00 3.400000E+02 4.992000E-01 
9.904453E+02 3.400000E+02 5.686896E-05 2.682166E-01 5.706735E-03 5.706735E+00 3.400000E+02 7.488000E-01 
1.052664E+03 3.400000E+02 7.297248E-05 3.441672E-01 7.322706E-03 7.322706E+00 3.400000E+02 9.982000E-01 
1.114273E+03 3.400000E+02 8.785642E-05 4.143657E-01 8.816292E-03 8.816292E+00 3.400000E+02 1.247400E+00 
1.179906E+03 3.400000E+02 1.017332E-04 4.798142E-01 1.020881E-02 1.020881E+01 3.400000E+02 1.496600E+00 
1.246945E+03 3.399000E+02 8.784622E-05 4.143176E-01 8.815269E-03 8.815269E+00 3.399000E+02 1.252600E+00 
1.311156E+03 3.399000E+02 7.335245E-05 3.459592E-01 7.360835E-03 7.360835E+00 3.399000E+02 1.001800E+00 
1.377180E+03 3.399000E+02 5.778878E-05 2.725548E-01 5.799038E-03 5.799038E+00 3.399000E+02 7.513000E-01 
1.447594E+03 3.400000E+02 3.969872E-05 1.872349E-01 3.983721E-03 3.983721E+00 3.400000E+02 5.008000E-01 
1.509227E+03 3.400000E+02 3.157241E-05 1.489080E-01 3.168256E-03 3.168256E+00 3.400000E+02 4.006000E-01 
1.572844E+03 3.400000E+02 2.405542E-05 1.134549E-01 2.413934E-03 2.413934E+00 3.400000E+02 3.004000E-01 
1.640680E+03 3.400000E+02 1.630920E-05 7.692066E-02 1.636610E-03 1.636610E+00 3.400000E+02 2.002000E-01 
1.714695E+03 3.400000E+02 8.215230E-06 3.874628E-02 8.243890E-04 8.243890E-01 3.400000E+02 1.000000E-01 
1.777516E+03 3.400000E+02 6.163731E-06 2.907060E-02 6.185234E-04 6.185234E-01 3.400000E+02 7.500000E-02 
1.842312E+03 3.400000E+02 4.059559E-06 1.914649E-02 4.073721E-04 4.073721E-01 3.400000E+02 5.000000E-02 
1.890336E+03 3.400000E+02 3.489044E-06 1.645572E-02 3.501216E-04 3.501216E-01 3.400000E+02 4.500000E-02 
1.945547E+03 3.400000E+02 3.039139E-06 1.433378E-02 3.049741E-04 3.049741E-01 3.400000E+02 4.000000E-02 
2.000977E+03 3.400000E+02 2.589598E-06 1.221357E-02 2.598633E-04 2.598633E-01 3.400000E+02 3.500000E-02 
2.055984E+03 3.400000E+02 2.423966E-06 1.143238E-02 2.432422E-04 2.432422E-01 3.400000E+02 3.000000E-02 
2.112203E+03 3.400000E+02 2.073029E-06 9.777229E-03 2.080261E-04 2.080261E-01 3.400000E+02 2.500000E-02 
2.173617E+03 3.400000E+02 1.661918E-06 7.838267E-03 1.667716E-04 1.667716E-01 3.400000E+02 2.000000E-02 
2.233812E+03 3.400000E+02 1.036611E-06 4.889068E-03 1.040227E-04 1.040227E-01 3.400000E+02 1.500000E-02 
2.296430E+03 3.400000E+02 7.144892E-07 3.369815E-03 7.169818E-05 7.169818E-02 3.400000E+02 1.000000E-02 
2.373289E+03 3.400000E+02 3.502432E-07 1.651886E-03 3.514651E-05 3.514651E-02 3.400000E+02 5.000000E-03 
2.434883E+03 3.400000E+02 -1.822881E-07 -8.597429E-04 -1.829240E-05 -1.829240E-02 3.400000E+02 0.000000E+00 
2.496914E+03 3.400000E+02 -9.586566E-07 -4.521405E-03 -9.620010E-05 -9.620010E-02 3.400000E+02 -5.000000E-03 
2.559125E+03 3.400000E+02 -9.107797E-07 -4.295598E-03 -9.139571E-05 -9.139571E-02 3.400000E+02 -1.000000E-02 
2.619344E+03 3.400000E+02 -1.662372E-06 -7.840406E-03 -1.668172E-04 -1.668172E-01 3.400000E+02 -1.500000E-02 
2.676164E+03 3.400000E+02 -1.934196E-06 -9.122435E-03 -1.940944E-04 -1.940944E-01 3.400000E+02 -2.000000E-02 
2.732578E+03 3.400000E+02 -2.336106E-06 -1.101800E-02 -2.344255E-04 -2.344255E-01 3.400000E+02 -2.500000E-02 
2.789000E+03 3.400000E+02 -2.787015E-06 -1.314467E-02 -2.796738E-04 -2.796738E-01 3.400000E+02 -3.000000E-02 
2.845016E+03 3.400000E+02 -3.600819E-06 -1.698289E-02 -3.613381E-04 -3.613381E-01 3.400000E+02 -3.500000E-02 
2.894836E+03 3.400000E+02 -4.031527E-06 -1.901428E-02 -4.045592E-04 -4.045592E-01 3.400000E+02 -3.990000E-02 
2.943453E+03 3.400000E+02 -4.462518E-06 -2.104700E-02 -4.478086E-04 -4.478086E-01 3.400000E+02 -4.490000E-02 
2.992266E+03 3.400000E+02 -5.113312E-06 -2.411641E-02 -5.131150E-04 -5.131150E-01 3.400000E+02 -4.990000E-02 
3.056477E+03 3.400000E+02 -6.779628E-06 -3.197541E-02 -6.803280E-04 -6.803280E-01 3.400000E+02 -7.490000E-02 
3.115883E+03 3.400000E+02 -8.990805E-06 -4.240420E-02 -9.022171E-04 -9.022171E-01 3.400000E+02 -9.980000E-02 
3.184312E+03 3.400000E+02 -1.704601E-05 -8.039576E-02 -1.710548E-03 -1.710548E+00 3.400000E+02 -1.997000E-01 
3.248930E+03 3.400000E+02 -2.522158E-05 -1.189550E-01 -2.530957E-03 -2.530957E+00 3.400000E+02 -2.996000E-01 
3.309750E+03 3.400000E+02 -3.241854E-05 -1.528987E-01 -3.253164E-03 -3.253164E+00 3.400000E+02 -3.994000E-01 
3.368562E+03 3.400000E+02 -4.005306E-05 -1.889061E-01 -4.019279E-03 -4.019279E+00 3.400000E+02 -4.992000E-01 
3.433578E+03 3.400000E+02 -5.773020E-05 -2.722785E-01 -5.793160E-03 -5.793160E+00 3.400000E+02 -7.488000E-01 
3.496984E+03 3.400000E+02 -7.356547E-05 -3.469639E-01 -7.382211E-03 -7.382211E+00 3.400000E+02 -9.982000E-01 
3.559008E+03 3.400000E+02 -8.837191E-05 -4.167970E-01 -8.868021E-03 -8.868021E+00 3.400000E+02 -1.247500E+00 
3.624625E+03 3.400000E+02 -1.018879E-04 -4.805436E-01 -1.022433E-02 -1.022433E+01 3.400000E+02 -1.496400E+00 
3.691859E+03 3.400000E+02 -8.920781E-05 -4.207394E-01 -8.951902E-03 -8.951902E+00 3.400000E+02 -1.252800E+00 
3.755656E+03 3.400000E+02 -7.432125E-05 -3.505285E-01 -7.458053E-03 -7.458053E+00 3.400000E+02 -1.002000E+00 
3.822062E+03 3.400000E+02 -5.857875E-05 -2.762806E-01 -5.878311E-03 -5.878311E+00 3.400000E+02 -7.512000E-01 
3.891875E+03 3.400000E+02 -4.026307E-05 -1.898966E-01 -4.040353E-03 -4.040353E+00 3.400000E+02 -5.008000E-01 
3.952305E+03 3.400000E+02 -3.285213E-05 -1.549437E-01 -3.296674E-03 -3.296674E+00 3.400000E+02 -4.006000E-01 
4.016523E+03 3.400000E+02 -2.488824E-05 -1.173828E-01 -2.497507E-03 -2.497507E+00 3.400000E+02 -3.004000E-01 
4.083945E+03 3.400000E+02 -1.700510E-05 -8.020278E-02 -1.706442E-03 -1.706442E+00 3.400000E+02 -2.002000E-01 
4.157164E+03 3.400000E+02 -9.055696E-06 -4.271025E-02 -9.087288E-04 -9.087288E-01 3.400000E+02 -1.001000E-01 
4.218984E+03 3.400000E+02 -6.943454E-06 -3.274808E-02 -6.967677E-04 -6.967677E-01 3.400000E+02 -7.500000E-02 
4.283812E+03 3.400000E+02 -4.902396E-06 -2.312164E-02 -4.919499E-04 -4.919499E-01 3.400000E+02 -5.000000E-02 
4.331836E+03 3.400000E+02 -4.483387E-06 -2.114543E-02 -4.499028E-04 -4.499028E-01 3.400000E+02 -4.500000E-02 
4.380453E+03 3.400000E+02 -4.024492E-06 -1.898110E-02 -4.038532E-04 -4.038532E-01 3.400000E+02 -4.010000E-02 
4.435086E+03 3.400000E+02 -3.428934E-06 -1.617221E-02 -3.440896E-04 -3.440896E-01 3.400000E+02 -3.500000E-02 
4.490703E+03 3.400000E+02 -3.089317E-06 -1.457045E-02 -3.100095E-04 -3.100095E-01 3.400000E+02 -3.000000E-02 
4.546336E+03 3.400000E+02 -2.749469E-06 -1.296759E-02 -2.759061E-04 -2.759061E-01 3.400000E+02 -2.500000E-02 
4.600945E+03 3.400000E+02 -2.453574E-06 -1.157203E-02 -2.462134E-04 -2.462134E-01 3.400000E+02 -2.000000E-02 
4.662367E+03 3.400000E+02 -1.818879E-06 -8.578553E-03 -1.825224E-04 -1.825224E-01 3.400000E+02 -1.500000E-02 
4.724164E+03 3.400000E+02 -1.401435E-06 -6.609721E-03 -1.406324E-04 -1.406324E-01 3.400000E+02 -1.000000E-02 
4.799648E+03 3.400000E+02 -1.348568E-06 -6.360381E-03 -1.353273E-04 -1.353273E-01 3.400000E+02 -5.000000E-03 
4.861258E+03 3.400000E+02 -5.748877E-07 -2.711398E-03 -5.768933E-05 -5.768933E-02 3.400000E+02 0.000000E+00 
4.920688E+03 3.400000E+02 -6.265442E-07 -2.955031E-03 -6.287300E-05 -6.287300E-02 3.400000E+02 5.000000E-03 
4.980289E+03 3.400000E+02 -4.179041E-07 -1.971001E-03 -4.193620E-05 -4.193620E-02 3.400000E+02 1.000000E-02 
5.041695E+03 3.400000E+02 -3.786916E-07 -1.786060E-03 -3.800128E-05 -3.800128E-02 3.400000E+02 1.500000E-02 
5.102312E+03 3.400000E+02 1.322445E-06 6.237174E-03 1.327058E-04 1.327058E-01 3.400000E+02 2.000000E-02 
5.159125E+03 3.400000E+02 1.887726E-06 8.903263E-03 1.894311E-04 1.894311E-01 3.400000E+02 2.500000E-02 
5.215938E+03 3.400000E+02 2.297644E-06 1.083660E-02 2.305660E-04 2.305660E-01 3.400000E+02 3.000000E-02 
5.271750E+03 3.400000E+02 2.927366E-06 1.380662E-02 2.937579E-04 2.937579E-01 3.400000E+02 3.500000E-02 
5.328367E+03 3.400000E+02 2.970586E-06 1.401046E-02 2.980949E-04 2.980949E-01 3.400000E+02 4.000000E-02 
5.376578E+03 3.400000E+02 3.634765E-06 1.714299E-02 3.647445E-04 3.647445E-01 3.400000E+02 4.500000E-02 
5.425586E+03 3.400000E+02 3.963903E-06 1.869534E-02 3.977732E-04 3.977732E-01 3.400000E+02 4.990000E-02 
5.490617E+03 3.400000E+02 5.879550E-06 2.773029E-02 5.900061E-04 5.900061E-01 3.400000E+02 7.490000E-02 
5.550828E+03 3.400000E+02 8.124958E-06 3.832053E-02 8.153303E-04 8.153303E-01 3.400000E+02 9.980000E-02 
5.620039E+03 3.400000E+02 1.597051E-05 7.532326E-02 1.602623E-03 1.602623E+00 3.400000E+02 1.998000E-01 
5.684477E+03 3.400000E+02 2.415326E-05 1.139164E-01 2.423753E-03 2.423753E+00 3.400000E+02 2.996000E-01 
5.745289E+03 3.400000E+02 3.172972E-05 1.496499E-01 3.184041E-03 3.184041E+00 3.400000E+02 3.994000E-01 
5.804703E+03 3.400000E+02 3.933559E-05 1.855223E-01 3.947282E-03 3.947282E+00 3.400000E+02 4.992000E-01 
5.869328E+03 3.400000E+02 5.705952E-05 2.691153E-01 5.725858E-03 5.725858E+00 3.400000E+02 7.488000E-01 
5.932945E+03 3.400000E+02 7.288631E-05 3.437607E-01 7.314058E-03 7.314058E+00 3.400000E+02 9.983000E-01 
5.995359E+03 3.400000E+02 8.828684E-05 4.163957E-01 8.859484E-03 8.859484E+00 3.400000E+02 1.247400E+00 
6.060383E+03 3.400000E+02 1.024083E-04 4.829981E-01 1.027656E-02 1.027656E+01 3.400000E+02 1.496600E+00 
